860359553
812944119
1132135047
1132135046
860359548
854698637
854698640
812944118
854698636
854698635
1384059743
1176538400
1176538401
814580979
814580987
860329290
812944122
812944115
860359546
810076068
1178701607
1178701608
812944121
812944123
812944114
812944132
854964288
1131956755
152196197
1131956754
32395478
860329291
32395481
809809160
854964291
812944136
386249196
854964294
883716279
860329289
854964284
386249195
854964290
854964289
812944135
1131873835
377862710
377862711
32203518
220777492
220777489
604389703
40337452
469728366
818698113
469728367
605887297
1037611102
113133399
158615102
578916962
144909694
589692875
578916953
55949054
256090655
1157153088
1157153094
385704149
1250542687
1068973854
1250553578
1250542688
1250542689
1250542690
713631178
1250555928
1250551251
31102013
30081251
1413447363
846724602
26550773
908650926
605101252
900748276
785002800
437191428
962936969
946004038
1249564182
1413560051
1413560052
962936965
1172318951
1191418334
30076966
846732250
1191418336
1191418335
1191418358
1191418357
846724601
985962743
1191776161
392622003
1191776160
1191776159
846732251
1191776162
1330253086
1193280114
846732249
1177905313
1193280112
846724605
1193280113
1330253089
1193280111
1191425034
1193280115
1191425035
172242937
30076967
854460712
854460711
827931669
49185645
846724610
26551426
846724612
953725015
26551425
37008680
1117795449
893916532
1117801811
827930693
827930694
1225572348
1079246319
962936971
962936970
946004039
1412707311
962936964
51138150
945998414
945998413
1195873055
1300651162
1300651165
941900318
1197740323
1197740324
827928527
870458177
870458178
836874710
23044994
836874709
827930696
138603867
138603864
827930695
31002701
708595507
30081412
20313594
1217320200
1250083162
1217320201
1081838355
1250083161
1250083159
1250083160
431571676
431571677
431571674
1217320202
549818366
1135871855
549818365
1134446934
431571675
30081411
1330892190
1330892192
1330892188
1330892189
1413481211
1330892193
30081255
30081257
191228471
1117071662
1216268065
1117071663
1117071664
30081256
30081415
1216252003
431571673
191228472
1216252005
20313494
1216252006
30081416
1216252007
1250551248
1250417836
868347083
872231972
872231977
872241219
868347086
868347087
872231980
1185319465
868347085
868347088
872231973
872231975
872231974
1413460221
872231976
1227322573
25944409
1329849439
1329849440
1329849462
1329849460
1329849461
1329849459
1329849458
1329849438
37770624
1243659419
822124413
1233497586
153021542
354089981
1335005457
153021545
318210358
318210355
1233497587
318210354
318210356
1145174465
40191608
318210359
72230304
886496552
461514282
204721578
977639651
886496555
153021553
318210353
318210351
207086005
887604834
887612169
1332610057
1211587336
1000328785
1332610056
887604836
1332610059
143308525
1211587337
384222462
541829839
578916967
578916964
384222461
144909693
1304072264
578916974
71960718
71960586
71960520
71960769
318210392
24214734
71960599
383344152
71960720
963784387
158514782
963783516
22918370
1049629915
962064734
1049629916
72230296
217182256
639493947
428329913
23948269
657145355
151627008
436928329
436928281
206903430
1115698051
1120758409
1120758410
1328552874
913645525
914199715
913645523
1015743316
914199714
887931470
1211678609
1211678608
934890404
1324965920
1324965927
152839420
887637458
1324965917
1324965916
1325498710
1325493584
887604837
1324965921
1324965923
1325493594
1324965924
1325493593
1028352774
1325497867
1072523659
1014229938
579786667
600369832
600369830
600369823
673264565
887637467
600369819
206312182
1000328787
887593801
887637465
887593800
887637452
1014112246
1072175403
673264567
1015320750
1014229935
1015606690
1015606691
887931469
914199709
1218557181
24921401
24522970
1126414473
24519829
165211029
1116041071
10780516
1218519078
1218519087
1218519093
1079242312
1218662311
1218519094
1218519095
1218519088
1218519079
894246784
936285889
936285892
1149795349
865628045
936285893
865628046
1149795352
936285890
865628048
179693264
865628044
25274110
346543269
865628049
909384717
1120586611
382268843
10780475
1021333857
61231309
1021333856
887931465
140964911
936285888
934703165
1118588006
1219052689
1219052691
934703166
330722450
43128530
382269754
12620747
1138055350
330722451
1277899793
32935389
1120801529
176031363
24751627
1134232679
37953816
32936725
37953902
37953903
1120581723
1225398108
1093036423
1064845312
1225398110
58176706
1225398298
1225433559
1225398113
1225398299
1225398111
1093036414
1225433554
1225433558
1225439057
1225439055
310306834
1225439054
860209476
37789143
310306835
37861386
1218660600
1218660598
1218660599
1173025038
1218660597
1218660595
1218572056
268341962
1138047104
1138055347
1218662312
31094219
57356014
910439504
1218519096
895900697
1218519098
1218519097
934761744
1218519101
1218557177
1218660589
934761747
1218519099
1218660591
1218660590
1218572061
1218572059
1218572058
1218660592
1218660593
1218572052
1218660596
1218572053
1218660594
1030698965
1228412066
1228411828
1228412242
1115679115
1032351178
1391818701
1228412436
1228412989
1228413171
1228413390
37850761
192611067
1116041072
1218557182
1228413445
1228413474
37850767
370584750
37861384
31344292
461514281
31344372
31012743
31012742
43169785
378178061
378178059
378178060
461514279
461514280
378178063
1286590886
1054211334
1286590887
1054211333
25199309
1241128399
1241128400
43169784
30897437
1218484458
1218484459
851003530
701974657
1064538996
1064538242
1225893108
1302077761
317769259
1229453909
1302077759
1302077760
1119385764
1229450883
899092572
1229450884
1329187320
1393090599
1229450885
1329071797
1229450888
1329187322
1229450887
26708088
40451377
46614044
1370680793
178028205
1309327657
1370680795
671329663
1370680796
1370680797
417696196
1329067441
1329066850
1329066847
1329066851
1329066854
1329066855
1388233802
1388233803
1329066853
1388233800
1329187323
1388233801
1329066848
1329066849
1229450889
1086782654
104765107
1086782653
407280958
1086782651
93203448
176072020
808642122
1142005450
671329664
354248092
170772501
386249204
481841577
1162745610
31095240
4566067
52460500
1079850789
319692412
664423013
1324857420
998767276
11279544
998166563
1312278766
1311804737
1312278765
1312278767
1312278768
435912755
216169546
170149081
745656019
216169544
329019786
28475451
145009985
1162752095
216169526
329019785
1162752093
1162752094
1162752096
361919671
541676222
4054013
886496559
1079850787
1324860299
1324860298
822124414
143407275
886496565
143407276
1211363260
435912754
1079850782
435912753
1079850788
40451056
1079850790
886496561
1246991914
1246991915
25771503
142810568
1233497585
1079850786
1050276921
1147364048
1229499001
62127566
330929802
1050276922
170149079
330929805
1297743777
37770623
354090678
354090677
1212032585
1167323676
460217098
460217094
376421806
40451057
1165436354
319539204
1335587961
145009991
407015999
407016058
1247000669
1247000667
1247000668
1247000660
963450772
24314524
291710619
39603222
192290231
137699977
25944405
31002702
22721683
1146877410
384999567
949514221
1227408863
1134447550
1134447542
951489120
1134447543
600378295
846732246
846732254
1065916214
50176127
9651862
689248318
446137794
48956629
1195873056
138515672
1370680774
1197740300
1215862201
1215862198
1215862199
1215862196
1215862200
400071817
1160124807
42748866
5108171
5108172
5108173
479700945
821878263
962928683
479700952
1292895967
1370680778
1391360372
137728456
1122591064
284271703
284271702
1391360368
970998080
970998077
970998078
1126656976
970998079
1126656968
1342949125
4830086
255203111
1342949091
785566176
1342949126
5096139
837200672
1342949102
837200674
837200673
1342949101
39982803
1342949104
1342949107
1342949119
1159136459
837200675
1342949121
1342949120
1304479654
824612665
1370962603
1122257195
1370962602
24918428
137700060
579286937
25944401
1316352013
130035465
1359922743
1359922744
26236496
668500524
26236495
827522238
825229554
667964315
828989239
263009972
669608786
27102690
194653028
829470693
682790626
679376888
1215038618
1215067032
27102694
1215038637
693065560
829451966
822066214
437054297
822336437
1215038634
434582222
182582353
182582352
679376891
839916331
839916332
839916333
23551665
28961462
981973156
1017359360
839916334
837200676
1002249742
832662825
1002249741
19822674
155594952
964589543
1002238517
964589542
1002397804
858527784
964589551
858527786
927876178
137623807
1002397812
1002238506
858527788
1002238505
164679021
927876179
1002238507
1338736243
1338736242
1391305700
1338736241
1338736240
1338736238
18908134
37184617
1132782769
1132782765
1132782768
849599090
991688879
849599089
849599091
849599092
849599093
1008961841
1031950569
762925072
762925068
1008961844
51857216
1002238496
762925069
880707286
1002238497
37184618
213887879
964589555
1002238499
964589554
858527789
1002238504
686796478
987011165
987011164
981973159
981973160
981973157
434582224
987011163
981973165
109648595
981973169
981973168
19822675
981973161
27273396
671403218
671403219
27273395
28190642
1215351980
28190643
1215351979
1307924031
1307924032
1307925199
23859440
282443819
1218621159
1218621162
1218621166
1019742197
1218621165
1080525749
1080525752
1359922746
26236457
1359922745
1359922742
1080525755
1359922748
1080525735
1359922754
1359922747
1359922756
1359922757
1359922753
1359922752
1359922751
1359922749
1359922750
1280011733
1280012737
1359823592
1313692217
1313692224
1313692215
1280011734
383023444
1313692233
1313692225
26236028
1002830111
863019363
1313692219
1313692222
1003169044
25538902
1280007518
1280007517
1280007516
1280007519
1055581270
1280005008
1280005006
1280005011
1280005009
1280005010
1280005007
1169045891
1169045892
1169045893
24879223
1229450882
1120576995
1229453912
1229457684
1229576634
1229453911
1119386143
1229453910
1229499379
1229576359
1229576356
1229499377
1229457687
1229457686
1229576357
71282548
1093614701
198379197
923145218
519703723
923145217
1229499380
1229576363
519717443
44639039
1258840504
1130950246
1101666021
1229499378
1229576358
150810051
19804131
176050274
23859441
1169809154
454034987
603760087
828776986
828776987
384136088
640466944
1096342629
822681384
782128169
651496149
964589591
782128170
28496023
764644586
764644588
445246510
764644587
634037174
1409852674
967044749
964589589
967044750
967044748
782128172
782128173
782128171
782128174
964589590
446859359
822681385
764644560
764644567
764644568
764644569
764644564
764644570
764644571
764644561
764644577
764644573
764644572
764644565
764644563
782128167
782128168
764644566
764644562
782128177
954390045
1217061910
155605360
782128178
782128179
413997566
42852292
827928740
1130869562
945954403
1138261004
155605306
945954402
1132581992
29328289
764003855
776093903
1010818626
764003854
1002151924
776093905
1002151926
182694413
764003858
714695294
1002151925
764003862
961913945
959814954
959814956
964322001
764003833
981847257
764003834
416859130
416884947
961913948
714695295
764003880
764003835
689006788
961913946
764003878
764003836
764003879
961913944
961913943
764003837
1132782777
1002147962
764003876
29328286
1132782778
764003865
764003877
961913942
764003875
1132782779
764003847
764003853
764003864
1100792093
961913947
764003848
764003851
975250080
1004687934
975250076
1004687933
975250075
1214295223
764003856
776093909
1320489176
689006789
1214295235
1214295238
1214295240
1214295232
1214295233
1214295234
1214295245
1214295241
1214295231
1214295242
1214295230
975250079
1214295227
719248926
1214295229
1214295243
1228841637
793512029
793512025
964321964
959814937
964321963
1391917094
764003832
964321998
964321996
761086727
761086726
698150961
964321978
761086728
964321995
959902780
961646449
796623684
997788544
793512028
964322007
793512026
788538999
793512030
788538997
959902746
959902777
959902736
959902770
1234279516
959902739
959902769
959902737
959902767
959902766
959902740
959902765
959902742
959902762
959902743
959902760
959902759
1339341353
1339341357
1339341354
1339341356
1339341355
1339341359
1339341358
1339341350
1339341351
1339341360
1339341352
1214295236
1214295237
37776026
979889777
849528487
1266625284
1266625291
991851841
1266625283
984857522
19064225
1090609183
350852764
157169576
13232333
55464106
849565607
459535078
459535075
24042478
1120553298
55504015
80300009
80300011
80300012
22769103
22769098
22769100
22769004
22769003
1180774293
899436348
19804129
25857481
71234286
1180775841
401255041
1008849877
238980334
1180775842
996600651
1005740303
544599537
1008849879
1008849878
899453836
1187429293
899453837
1005740295
1005740304
1005740299
4686027
1120409881
1005740306
1005740307
838520217
1126465196
1240717095
1308763885
1225469480
824274198
1308763877
824274175
824274173
383776476
1240717086
432763466
1240717096
1240717087
62170954
195387461
1151193303
1308763859
1117262056
1308763856
1308763857
1117262057
1308763860
1308763858
1117262059
1121038052
1329371027
824274180
824274181
824274182
824274197
824274195
1329371028
1329371029
1225469486
1225469487
30890444
1082673328
1072659580
1072659579
1116067500
1116067499
421557828
195439137
1144041258
431353997
824274184
1390900385
1390900386
1081727235
1081727236
1379182327
824274193
1144041294
785281155
1390900390
320735759
824274185
1390900388
824274194
320398971
1390900389
1390900387
1171049218
909402340
909402341
1163118430
58884941
824274183
4686105
1114974202
4686102
4686104
4686103
909409602
4686100
345088343
127734801
113101845
909409603
26517592
24214483
715711019
55503369
55503368
55503366
55503367
1247685061
1247685062
241112997
25964886
172219133
28969879
1136272426
1136272427
1391055295
1391055294
66514476
66514471
1247788224
66861331
241020236
172425911
1136272423
37774395
1163368230
875833372
188865512
188865519
975473340
484818966
31586101
851063006
32977014
1391055293
53357063
1147217104
4686493
195337818
30185015
1120547802
53357055
1147217101
1147217093
1147217102
431356088
1390900397
431356091
431356094
1390900396
824274192
431356093
431356092
1390900399
1390900398
195439134
195439145
431356090
1146084486
431356087
1315215686
824274191
819029011
1146084482
1184205672
419527306
317878192
1121097167
1121097149
1121097150
1121097146
824274190
293399724
225049512
320566893
431356095
1072601718
419527309
31985151
431356089
195332154
154381208
30185207
16871755
4782581
1228388282
1065974922
1147217092
195332163
1065974923
195430952
1144641015
53357390
988868964
1144641016
35557588
4878045
29548010
29548009
1072598895
461900066
38505062
461900067
4616599
461900065
4741948
4782514
1055040312
22055263
1145698884
708296764
1144041684
708296763
4615597
370617111
41265421
1133761828
370617120
22055007
1126345563
1133761836
824274186
317878311
824274189
31912620
1054775532
32555845
238933356
1054776565
1145459471
1121097169
419527312
1379263556
1100718203
1101912009
1100718204
1101912008
1101912186
1101912259
1100718205
419527299
1101912260
1100718207
32555844
35556490
1101911314
1101910922
1101910902
37287200
24806725
30711173
4685762
6279972
30711175
1216577600
1315107634
49677300
260235997
4685879
260235998
4068078
1082673263
23418303
61737909
1097482025
1145444598
1145444597
1145444596
1097482029
1145444595
1132724524
1223167473
35559332
1145213677
1133473714
1223167472
993808309
1133473715
1158007648
1133473713
1128228736
1158007647
37226919
993808311
1157998401
1123298492
62214793
1132775575
1221232215
1258827218
1221221758
1221221756
432427273
993824358
1157758185
6263126
545634695
1083915321
993824354
1221232218
993824353
1221232217
993824357
1213943777
1139043099
1221232216
1221221759
194070667
665689272
490912373
22742007
973584099
973584098
1225568827
1241489121
1014084319
1014084324
1014084323
665689275
547372892
1014084320
1014084321
645012958
1004780900
530413368
1022334975
60815650
46845338
195387466
838520228
665689267
65674649
673317333
1056832599
889331509
1225593080
1225593092
673317332
889677141
1225593084
993271091
189217698
1056832158
443786896
1206721094
1206721043
1206721038
1206721037
1206721095
1101669832
1101669833
1229576373
1229576372
1229505188
1229505187
1229506283
1229576374
1229576371
1130864256
1206721079
1206721082
1258981565
1229516121
1229516122
1206721078
1229516123
665689269
155605291
198595357
1258979090
1258979091
1229576376
201850186
56473168
962957755
892641893
58182817
1167332161
170393089
931906298
1229500943
1229576369
1229576367
409110316
1229500942
1229505184
1229576366
52066976
32838980
620099120
606069597
55087772
1173265122
1173265121
223188534
1335772147
223184052
993824336
993824337
1189345301
1132662362
367801237
499658100
392721532
1335772148
993824342
198597176
1221232222
993824343
605712202
993824349
993824350
41424988
223184082
310172807
1335772134
41424937
1335772131
992206429
1335772135
46839074
28299718
992206430
37226971
1335772146
407759966
1335772132
1335772133
6277301
37226970
992206428
6277270
318276285
60769279
32644395
4689026
320892561
46099491
42816694
32446835
1335772144
429217919
930349180
4068118
931953856
985468025
391866690
985468024
51821847
195327070
51821851
217186462
930349182
217186457
930349183
385542015
1394173373
1394173374
192487128
1064830458
930349179
203986351
122749214
170421828
846978763
846978762
7956187
907071142
699217505
972594841
931998095
865948247
424496102
1090690439
1087392568
1087392571
972594838
972594837
424496101
1087392569
1225572236
217186446
930351348
217186460
36778214
36778213
36778220
36778235
36737071
31525571
27990093
980137825
81631453
182390312
1169779290
911239230
192107803
192487127
980137627
81631452
980136988
192487126
431340311
911239228
1169779289
192487134
32838761
137686256
182390310
182390315
182390316
417716567
1088427477
1305524063
1089433333
1117318177
1044263336
502979595
499658102
1092598847
799402619
865948243
1158077619
865948242
1092598848
28073067
1092598846
1092598850
51872064
865948241
1092598849
1092598856
32445835
1097694418
1097694496
633055773
1208087084
1092598862
991998649
876510208
1092598852
1092598860
630214749
630214740
630214736
164927492
25796715
138948609
1050730207
1050730337
1338816663
520777778
630214733
630217175
1338816664
1047402016
31525840
630217174
1093614703
397605668
630320136
31525575
51872061
525374656
1142062850
881014332
176074177
1234291529
1234291532
1234291508
352104871
1234291509
4550294
47160366
1092817263
1334249250
1064535278
813392179
192487146
666708043
829183401
431340326
1092598868
979776709
25347597
884805019
1092598865
991998648
1226433388
1092598866
1092598864
865948244
1092598857
1090571660
1090571659
26647597
865642555
1208132155
27502909
1224890857
1224890858
1224890856
930736631
164927495
1208132159
1208132160
4699430
899355686
865716513
1330347121
1225273987
1224924138
1330347122
1311960474
887544249
892200803
964337445
964337447
1224887436
1224922731
1224885887
970802606
1224885885
1224885890
970802607
1224885886
865716507
316319550
316319551
970792692
949330590
30898964
942773785
942773784
1208123381
970792693
1208123389
1225297120
1208123388
1208123382
1225297118
1087447548
868347101
942805698
942805696
1256803135
11025901
982387175
645607040
1093614732
971693113
682043331
8655276
682043330
971693109
1330347120
1218155193
705056460
1218155196
27944192
1218155194
865952388
1108514425
1218205510
1218155195
1218155190
389190870
1218155197
1218155191
418365128
1218155199
1218205509
1307434307
9829824
4699427
1218155188
1218155189
1218155182
1218155187
1218155186
1218155198
1218064778
1218155179
1218155178
1218064780
1218064781
1218155183
1126471925
909222809
1219461151
1116745330
217386888
279125392
1212197396
1112701263
279125394
1211938432
1054288364
1211982366
1116745334
1219461146
229589523
229589522
9515230
1116745346
1116745341
1116745342
1211986525
1211986524
987920699
1211986522
1114997730
987920700
1114997731
1114997732
1114997729
329190077
1114997734
1218557185
1218557186
1218557184
1115001462
1219461145
1181093613
26489522
23446494
1153420244
23463721
1324369387
760410929
1324369389
193875628
857765420
857770351
264945980
23429732
1116534169
339319748
812944111
1216103949
1116534167
854967969
854967970
31521759
1062572011
1062572009
1062572008
1062572007
1086942928
1086941797
990967504
1218064777
1087439948
1218086189
1307441771
1108557388
1208145483
1218086188
1208145484
1218064775
1008836421
1218064770
1008836422
899162827
1218066801
1218066802
1218064771
1218064768
31522315
1062572006
895157355
1304243819
1178297225
1219003666
896061947
995918038
486128842
995918036
939633495
486128846
995659923
995659924
1254586870
1254586867
1254586869
1221613081
1221613078
1254586868
995913541
995913542
1221613079
1221613080
381691526
466652692
1307786365
1253395262
1253396380
1253395247
1253395246
1014284312
1315533907
1084710378
1315533919
1315533911
1315533912
867737768
1096926820
1219003667
896061946
995918039
1093740413
1093740412
131889163
607059680
112569148
239922887
1226738923
1155729656
1155729664
10952112
1146132056
707653408
465860961
308319523
127191783
707653413
631376711
707653401
308319524
707653415
23756365
308319513
14146636
1155769031
707653414
23318941
71881313
1226212309
1128424197
1128424198
1133137904
35313210
1133137903
16420296
16420121
240113168
1226202971
421844398
544644716
1226202970
1226744440
1226744441
1181967866
971297483
1226204711
1226204714
971297485
1226750061
1226750060
163409493
1153743773
239922896
112569146
607059682
1155948646
1155948649
1155948648
1155948647
884628262
1155951909
112569147
83181637
113715836
1033705337
1226733670
1226733668
1226719863
112569153
112569152
112569154
83183111
145485550
1156038905
1164649853
10998543
1226718531
1226718530
1156077193
1156077196
1156077197
1156077195
1156077191
1226718528
1226718527
1156077194
1226718526
1226373353
1226718529
1226718524
1156077199
26182356
60333310
16307526
971297486
1181975885
1226152490
1226152491
1226180601
1226180602
59099585
1217499347
1226262368
1226262363
1225150567
25529171
1051036182
25529172
234962913
245988712
1317458541
1317458540
1317458545
935016256
942605594
936545406
942605593
1317458544
45904952
1327514293
939550798
995462197
916605356
995462198
1091647608
1217456792
1217457583
1134449897
1217456794
1217456793
432205816
1217456796
1217456795
1150892849
171985978
1150892850
1150892854
1150892853
1146159298
1328762789
192316810
1328761586
1133761372
1328762792
1133761379
1146159296
1150892855
859353797
624116229
1133761399
1328762790
1328844789
111283481
1230030150
637645130
1143846461
1143846462
1299995375
40520565
938273440
1226909562
1226909563
4783508
637645131
111283470
1143846783
1143846784
1143846782
1170530315
637645132
624116233
1217316090
1151418338
1035933668
1184051933
1217295412
1035933673
1217295410
1249435487
1217316087
1035933681
1035933671
1120250710
1217475220
1217475222
57882794
1164848350
171957001
998958412
603082279
1058510804
24217052
57046841
885023163
1147596104
1147609811
1144376025
40520556
884613620
624179322
156952498
176050275
1156514577
1097268668
300504903
1095783283
923122741
6194791
891460550
664769707
891460551
895408848
387676295
1147689420
1209300398
107286429
525462662
71874671
435358719
690848022
10041007
30150684
690848023
866011333
1147612121
525462664
1031944385
1133761234
6198633
148806791
1019710637
1408779871
1408779868
1019707873
70129603
1408779869
1408779870
1019706664
478789234
1134445135
478789233
173060447
20425707
503224283
915561605
915561606
915561604
113405316
1223947798
20425703
1295260362
600391051
1295260361
1223947799
1223948603
1087946376
600785152
600785151
600785153
1026104685
1201795243
31345212
898539051
1126670459
1023922484
1026104686
554125882
1044598053
1223948604
554125883
898539052
416508757
1298502276
9030545
22966917
441659161
1150128916
1294625062
1294625061
904120958
441659160
9030384
1126670512
865872228
1201795242
673529517
600785154
906043089
1087232216
1087232214
907494341
907494337
673529518
1087232218
28186733
895640315
1087927284
895419100
1389241595
1255391974
1255391973
1087927281
895419099
1255391978
1104356818
1087144825
966979368
966979367
1125145642
870445675
1104356821
1255973718
870445674
870445673
1255973701
1007350319
1093593656
1255973728
1093593658
870445663
1256517423
1256517419
1256517410
1089609230
1089640151
1125145643
1089640144
1255738368
1255738367
1255738351
870445665
1089640150
1089609227
1089609225
1255738349
1089640153
905663948
1089609224
1089609221
1136153621
1089640152
1089609220
1089609216
1089609217
1089640159
1089640164
1089609215
1089609214
699286157
891472286
891460553
191281777
1125903218
1125903219
1125903216
1147602889
1147602891
1073167018
1125903214
895625092
895625091
891460563
891460557
1208449912
1208449911
1309319603
1125643780
891460558
1309319601
968090552
891460565
891460566
1125643774
1125643777
891460559
1125643775
891460564
1309319607
1309319608
1310807142
884824461
1089640173
515989442
1089609174
1089609173
905663934
1083705174
1089609175
884824463
905663946
1217298605
1309319609
1217298608
891460561
1309319610
1125643783
1097263697
1097263693
435358686
1057064720
1097263695
1125643785
1097263696
1097270153
1217298607
1217298609
1057064721
1057064722
1125759936
1125759935
40517717
905663930
905663928
1309327444
1309327445
1309327438
905663932
905663933
998334092
1057064724
1089587381
998334089
425498706
206787817
30885575
1089587369
998334091
998334088
188099463
42990937
920642345
1093530368
1217295407
998334081
1217295413
1217295408
998334083
533092371
1089587367
4788434
998334087
1089587368
998334082
1035933679
1089587365
1089587374
998334080
1093530365
1249435485
1249435486
1093530376
1093530378
1249443866
1093530379
1249435493
1035933678
998334093
1249435492
920642347
1093530366
1249443865
1217295409
1093530374
1249610275
1249610276
1249610277
920642346
1217295406
1217295411
1035933672
1022046952
1089640170
1089640168
1089609211
1089640166
1089609212
1089609213
927254769
1241376687
1241376686
1241363978
1241363977
971124686
868066960
1088980589
1088980588
868066951
971124685
927254772
894823434
936867362
894678841
894661678
894678838
945956507
945956506
888311296
1134193872
1134250881
1134193871
894769940
1136164746
894769931
1134193864
1134250882
894769938
1293676686
894769939
1087625101
868066955
868066956
868066953
976510960
1083697337
976510959
876452370
1087910391
1083697338
878478604
1328505104
1328505105
1083697334
1076605684
888311295
878478608
976510961
1083697332
906018557
1224626586
908290694
908290695
1224622300
1224626579
1224622301
1224626580
868699623
1224626577
1224626585
1224626588
1224626587
908290691
1224626578
901435710
953844849
1208438734
908290692
1088033159
1301891541
978727717
689870387
867737770
422927460
1192052940
31990035
894527774
890917058
890917060
867737769
1221267588
867737771
906733958
183238303
1194224046
904637011
1194225439
1194225440
1194224044
904637010
894522496
1207438007
440671056
1156852904
1300178105
1300178104
1282745273
1282745274
1282745272
890915227
1088656809
5065137
1207436157
1278425790
1156852905
1156852917
890915244
1049799593
1219096079
1307723090
1307721565
1156852913
890917052
26692569
32087963
25928412
32087965
25928413
1285106831
1208464379
1208464388
1088643262
1088643261
1088643264
894522495
895194717
1208730592
1208730590
964822722
964822723
617339703
890787748
1087706543
1087706542
867928111
1088330743
1101185739
1088331560
1088331561
899411159
899411160
867928116
867928112
9483276
193572043
867928115
865716505
865716504
999753858
1088355375
944759044
1117354654
999753857
1088355376
1117354896
999753856
1208736308
487176056
1209044569
684872880
894522502
1217898017
865267588
1207994898
1207978958
965959900
894522499
1208730585
895280640
895130450
42739064
40152325
104298817
906928680
26692555
895130447
999978147
1208137552
195327060
1208137555
1208137550
39701607
1208137554
1208137553
1208137551
26692548
1208137548
1208137549
195327008
895130451
1234571495
1234571490
1234571499
1234571491
1234571494
1234571492
1234572680
1234571489
895157358
895157351
1218158085
1098996912
895157352
1082446521
1208137586
1208137587
895157356
1115506980
845022146
1217938986
1217938989
1217938987
1218064769
1218064776
1218155180
1218064779
923131357
1120086347
1120086286
899411163
1236053795
193572062
1236048529
9828505
26623553
1332129982
1332129983
9828842
1236048509
673528538
1236048532
899494648
899494651
899494649
899494650
1236048510
1236058054
899411164
1391750460
1236058055
1236058053
923131356
1377945292
923131355
1377945296
1236058057
899411172
1377945295
453373584
899494645
1101185623
899494643
453373585
8029205
4696032
4696025
222182354
453373583
4696029
1093323853
895292906
935201701
935201702
899494632
918396125
918396126
935201823
1304576160
23177391
918373503
176050302
245467070
28275758
935236472
367885355
1171586296
25771222
1136175220
1136175229
1222390218
1222390220
1126029595
25330858
25860911
32035133
30825103
1222390211
1222390210
22276659
1134444960
336567096
1134444958
336567094
1222194523
1222194525
336565342
1222194522
1222390213
1222194524
1222390212
1222191616
1221221751
1083897477
1221221752
1164113867
1221221740
1221232211
1164113869
1164113868
1123128083
1133477843
1132724525
1133477842
1132775567
1132775566
1123114677
713725661
1311466770
1311466771
1311435137
127621245
54452431
54452426
127621252
127621249
54452412
54452415
310058578
1311435136
1311435130
1311435131
1311435129
1311435128
1311435126
1311466769
1311466768
1311435134
1221221747
25376353
1144045398
1221232212
1144045378
1311435125
1311435119
928836446
1201860729
868066968
928836448
1229877451
928836450
928836459
1229877450
1229876385
1229876386
1229876384
1229876383
928836460
928836452
912638136
912638137
928836463
1229877452
928836464
1229877453
928836467
928836470
903153496
432205832
110863066
24951317
1134445102
432427281
1134445099
1273199595
106838216
1220691129
1220691128
432427280
1220691125
1220691126
1220691113
1220691110
1220691111
1220691109
928854587
928854588
1220691106
1220691107
1313447901
1313447908
1220686784
1220686782
11093162
1313018625
1313018630
1313018626
1313018634
868066961
1221717688
1134935665
1134935666
1134935664
903153497
1220434829
1123805939
903153504
1220434828
1229883887
955519195
955519194
1229883885
1123805938
955519193
928836475
928836474
1221746106
1229883881
1229883886
15244418
1123805941
1306876688
1224960550
1306876684
971617316
167320266
1135341474
667553663
971617317
971617318
971617319
32035007
32034956
26652744
1181081645
1182620515
868066965
868066967
1392405360
1392405370
1392405371
1392405372
1392405355
1392405354
1392405375
1392405359
1392405358
1392405373
1392405369
1392405368
1392405367
1392405366
1392405362
1392405365
1392405361
1392405364
1392405377
1392405363
420112513
1094514623
1098566136
175916647
108149694
4685622
420112512
8657086
1178159613
4787341
1178034737
6082997
1137576456
1137576457
42689665
1173674375
420112502
1136139947
1136139948
1136469445
1136139949
963588750
963588749
1098566213
1098566211
4068093
935016265
1135836328
1135836326
30859079
1132543792
1132543866
1317567619
1317567614
1317567613
1143844446
1143844800
1135760537
1135760539
1143844801
168945699
1135836315
362324523
1135836314
1135836313
1135760538
1143863890
1132543901
28109732
1094423252
11114397
1053617188
1132542973
1132543121
28109725
1098566222
8658090
1143844888
1143844887
765489605
30134392
765489607
30134391
8149747
765489606
1136139950
30134528
1098566214
38323309
1136469434
1136139945
1136139946
4615322
420112514
724607625
4615338
724607627
4685621
457462497
30134527
380356151
160130951
38323310
593851825
160130945
160130942
154261292
166152904
8005336
111251391
38596495
4615059
1133993556
1133993573
19048563
194994996
1134090050
40583888
1055302207
1055301580
1055301407
1055302849
1144528540
1055302599
1144528541
1107953491
1055302850
1107944178
1055304388
182620302
671026859
1095371161
909009143
998297299
962655289
182614430
962655288
1095312887
4615460
1368306584
318031557
106142553
1018820114
340606520
1392405374
1303660843
1303660844
1303660839
1303660842
1303854497
1098565998
1222394906
1201860656
999727490
991985159
962660396
928836447
1222394904
991985158
1222394905
991985160
1303660840
1222394907
1222394909
1133993746
1222394908
1229835542
962660402
868066970
991985157
420112515
1303660841
1303855173
1303855172
420112505
1095301488
962660401
962660998
962660997
1163594976
1082762757
1082762760
1082762759
336572467
1303857438
420105285
187894716
1311436878
1311435124
1311436875
1311436877
1311435121
1222395675
1311436879
1101506169
1311436881
1311436876
420105284
1311436882
1311435120
1311435123
1311435133
1311435127
962655293
868066972
962660996
962660397
1229833929
1229833927
900783990
1229872026
900783991
868066974
962655290
1098384847
962655291
182614431
1098384848
1098384846
1229836957
869018133
1002247298
1123872362
1123872405
1098757329
146911392
1123872407
1083722310
310172811
1123114678
1123114679
1132775564
1132775563
83589220
1132775565
997936748
973583361
997936749
1158035101
997936744
211220112
1158035100
907627589
1100718206
1055087822
1055087870
755340597
11923628
52328297
283919155
1163697782
1163697781
997936739
997936741
803025472
1163706505
1095862431
1163706499
1163706506
997936743
1056784165
1083449377
997936745
1083449376
1083449374
1056784166
1083449373
445075259
44619069
1145459459
318018238
1145459460
44619068
1057632488
1343427018
1145459458
451342497
451342499
451342498
1108039811
1108039821
310145077
310145076
1108039813
38596500
1108039845
1108039841
1108039814
38596501
1108039818
1246219083
1108039847
1108039846
268562215
803025469
1302844062
803025468
1302835625
803025461
932637356
803025464
281479938
286689291
932637377
932637370
932637371
280667874
280939673
291270698
287764737
932770786
287420296
879144133
286837510
932637376
288403579
280668972
932637357
1302773561
1302844064
803025488
803025463
803025467
997936734
803025483
708296762
1144041683
31609650
1144041685
1144041686
708296766
70267149
19001483
824274188
973573913
824274187
708296765
1133761819
1124564944
1133761825
4741950
335829979
312533759
246044844
19001381
176031291
25086767
25086766
25086768
1120380858
1257837326
23443935
1257837327
831658811
1207869773
246044841
1225715041
1225715042
749876418
82639457
1113758934
246044848
710761403
82639450
1133761789
1225715040
66311464
932637369
288584452
932637380
288406367
47059460
288355301
288585010
1034560018
24990776
301241483
890972131
890972129
301241480
890972128
301610520
301733776
47016365
301733777
134833998
29177662
1133761679
1133761725
288354369
1034552987
1113758933
714840291
163368988
305093328
687966676
1396003219
1396003217
687966677
72157175
949912614
950222546
19801554
751595929
328920970
61583424
1395760821
534588621
606078071
1395044141
1395044139
1395044140
606078072
284493291
4790828
24915070
1395008004
1121012037
1395008005
234463931
1110526068
1102369940
1395008006
1393928432
1394928032
1102369938
1395176410
1127592486
1395044137
1395176408
156364556
490365295
156364564
156364570
77348147
25294728
1395176409
1395176407
1395176411
4773465
24913523
202157002
1395686814
156364561
202156994
24913519
202156995
541763975
4611698
1144362247
4067932
23013165
831694400
339201219
61584187
54048862
541763974
120675240
202817674
38208961
1127595983
751595928
562707499
1112054538
72157172
1263204721
8008608
4611713
1233798019
1126241276
1127602336
23755950
4611696
339201217
1126244314
1126245113
15971197
4611699
251884680
1126246695
1149417521
1170522567
340498982
169195795
1113726463
1217865061
1079495669
1170522569
1077923225
882389494
1170522580
461526152
1126234503
66071373
1126237668
1116360926
1111982484
243854725
1116360587
1249342905
22972473
326116286
4597320
1125871619
1125871417
1119937599
1125871262
1125871007
24240246
530085625
153698380
1119935543
1119936840
1170522574
24913267
342968607
236092221
1170522571
1170522570
1170522572
340498988
188386313
1119935327
292429062
25945966
909333700
4412886
24234486
25945965
1165450341
51167933
560370523
1158581417
165415464
1216575599
165415454
165415452
1217926264
1353005049
312651888
544327501
478432724
1037447009
1020077809
204032443
544327500
291696979
117611349
100113767
42091232
465382946
104590139
291686434
443401746
1237859165
291670881
517871370
292424611
517871368
1181033549
465382944
465382940
465382933
713576589
713576590
131650082
312645512
1101404336
44427221
1299716099
11103453
44427219
850240180
1397609474
1397609473
44122832
4610364
1126737704
1126737706
129490490
717741321
1126613719
84960595
475297457
316746323
234463928
62363402
55741054
1024034687
4613293
1121505028
1121505027
1215075793
1215075800
1119390145
1094434971
1215075799
1215075794
1094434972
1119390144
1121505024
43542800
38667622
189060957
238945930
1119390141
1077117211
1077117212
1119390143
1119390142
1140771901
1389389780
1373533412
1096319557
390614076
1140771916
1052675227
43114621
1373533751
963165527
820387688
1162828205
1219565616
970610303
1219565628
1032726463
1219565629
963165526
963165532
1412501322
41828678
147659842
152696631
1259320615
146757634
442222168
1121505023
1121505018
1119390136
962506800
1077118614
41931377
1138248263
963165533
1219567352
1219567353
1121505017
1119390139
1119390140
1077117203
1077117210
1077117202
1119390135
1226656578
1299515061
1119390134
1119390131
1094423251
1018324794
888387234
593851837
64383918
1173750699
1173750674
1018436536
1143844447
168945700
553137254
1143844422
1143844421
1143844425
1135760527
1131951320
1143844438
1093907217
1093907216
1135760528
1135754774
1143844437
1119250660
1138190256
1212628720
1240609274
1119390123
1303768613
1303768612
1240610454
1240609273
1119390122
1119250661
1143844340
595869413
1119250662
595869414
27801361
1119390119
168945698
553137248
168945697
570380694
1119390124
1119390127
1119250659
1119390128
1226656576
1212622970
233995785
4711698
729683524
820274011
1096877398
1198124306
1242563835
1242563834
1198124307
1311172566
460206979
1135640210
1135640203
24165705
590593446
31395263
4575760
1396828380
1396828399
671157961
1242563831
1242563832
1242563833
1198130889
1242563830
1198130888
1016635212
1016635213
682768426
631641755
1016635211
1242540941
1242540926
4740762
1242540940
1242540939
1242540927
1242540938
1242540937
1242540928
1242540929
1242540936
1242540930
1242540935
1242540931
1242540934
1242540932
1242540933
595155216
1105809985
1175863720
42091230
1177626073
1177626074
1025365101
1177626072
1105809986
520229597
595154410
520229622
1120161880
520229610
52960099
52960101
374621842
1214642850
11482839
945966257
1009980157
237716417
1108395346
52961979
755638724
51805402
431664600
431664596
1080613698
1162273962
1302054301
1302054300
1265485410
1112690569
1355680085
237716413
1016959036
431664587
1413048788
1243182598
1243182590
1243182596
1243182592
431664603
25202591
1180140270
42103709
431664597
53175869
431664599
431664594
431664602
1120349560
1080985512
1188368277
53168795
1188368275
1188368276
1082554471
1203894995
1245658016
1188368278
309901369
1262290183
1395936655
1199247597
1395936654
1198252884
374344532
374344533
1200000408
23707866
33885269
4600239
4592574
1039765909
1243182594
1198252886
1243182593
1243182595
1243182591
1243182597
1199247592
1198252885
1198252887
1212122513
1203115045
1198252888
1203115053
1199247599
1203115051
1198252889
1199247594
1199247600
1199247598
1199247596
1151601738
1203115050
23735656
1203115047
42103711
1203115054
1395936656
1198252883
1237814531
1237814532
1237814530
1199278755
1199278757
1199278758
1188369400
1199278759
1199278761
1199278760
1188369397
1220300896
1037443331
1220300893
1352410775
1188369398
1037443332
1188369399
1188369404
1188368273
1199278762
1199281475
1199281474
1199278763
1220300897
1120349556
42989675
374621845
1112694535
374621844
1395943931
27708236
4402642
1191370173
1395943933
4383334
1395943932
1395943935
1120349558
1120349555
1200910360
1188368274
1203894996
24700553
1136334119
1395943936
147664186
1395936650
34546737
1264005162
23899000
1175628520
374621840
53542195
23898998
374621841
1203277014
1188369402
1188369403
1301614982
1199278756
1348469418
1348447836
1267334155
1267334154
1267334156
1101202385
1101202383
1392090614
1392090613
1101202384
5120959
1101202217
37740224
111251389
1101202239
1348522804
1262350265
1348522803
1348522802
461526154
1112913710
1101202242
375861849
1101202243
375861848
37740223
1101202142
421978649
5120960
1348528824
1311966213
1348528822
1348522799
1356186520
1356186521
5120961
1348528823
5120962
1348522800
1101202141
1356195284
1356195283
1356195286
1356186518
1356186519
1311962699
1311966212
1311966211
1311966214
1395946023
1311962706
1348466476
1348466477
1348466475
1356174288
1356174289
1348337673
1348466478
1348466479
1348373867
1350373198
1311962707
1356174291
1356174290
1311962698
1356186508
1356186507
1356195295
1356186509
1356195292
1356195294
1356195293
1356186511
1115553885
1356186512
1356186510
1356186514
1356195291
1082487932
1356195290
1356186515
1356195287
1356195289
1356186516
1356186517
1356195285
1356195288
5134289
106288141
1082487950
1394141897
1348528821
1348522805
1348528820
1348528818
1348522806
1348528819
1348669534
1262350263
1348721132
1370660848
1370660852
1370660851
1078770496
1370660850
1348721129
959948585
1394141903
1394141915
1394141910
1394141904
4594087
1394141908
1394141909
959944010
4594088
596976348
962126395
959944019
962126399
959944013
4596958
1089342426
1089342376
962126400
962126401
1107428588
281071124
962126397
342159200
398497899
959944006
962126404
959944007
1394141916
1204039649
1204039650
1204039648
1394141896
1204039647
959931206
959931204
962111852
959931207
962126405
959637572
959931200
962111870
959637568
962111871
1302302001
1391683953
959617815
1391683954
959617813
1352347536
4677752
4400152
486095315
486095316
190235822
4677751
376269500
240526024
1356186504
1356186502
1356186503
342159188
342159187
4543445
1356195297
376269503
376269502
4543443
376269499
4397270
1356195298
1356186505
1356186506
332164877
332164880
375958862
376545735
376545734
1250738800
375958863
1250738799
375991059
1143843163
417687003
1143843159
375991061
58536239
1101407864
380162926
1101407929
380162927
1101407865
1243408027
1243585811
4592286
1101407928
4592285
4592291
376269505
1409528541
4592292
376269506
754272137
36944880
1413447817
1409528544
1409528543
4410445
4592177
1243408028
1243585808
1243585809
1124366411
1124366413
1124366414
1124366412
1101407447
25219759
1243585810
1243404631
1243404632
1157683656
1243404630
1243585807
1243410100
4954198
25219758
376269518
1243404629
1157683655
1412238086
30195540
1165357793
1412238090
1147679292
1147679293
76402289
779929925
1147681097
1412238087
1412238085
1147681096
1360091540
1157683664
1157683661
1157683648
1157683662
1187357915
1157683650
1157683649
342078861
538800007
1157683657
76402288
1101061677
76402292
1157683663
1157683652
1157683653
1063099349
1165357792
1101061658
1157683651
1157683659
1157683660
4675816
329967775
1157683654
169017106
1101407175
1101407174
1101407172
1063099348
23720974
1063099346
1101060710
419727928
61816621
1101060708
1168356662
1101060869
1101060884
419727927
1101060870
1099683380
1101060883
1099683381
1099683382
1106768822
1101060969
4397762
1078768082
1101061003
1101061002
1101061468
1157877936
419727926
217183437
1101061469
1101061464
329967773
329967772
1101061463
1239158977
1311186165
1153231673
1206625244
269696665
4424778
1101405488
417687092
417687110
1101405487
1101407448
1392961223
375991056
185634953
431664604
431664589
593051116
431664590
1412995432
176043803
291696982
1190684307
1157446103
1157446109
222389420
1157446105
1190684306
1157446114
1157446106
1157446115
1160099312
1160099304
1160099303
1157446111
1160099307
1160099309
1160099311
248010194
42104389
35739609
37995740
4389561
1037879478
1037879477
465382931
1157483071
1037784389
1163895263
1225844166
1163895261
1119248952
1037879476
1037712675
957219960
1192148732
153698391
153698410
1128036905
275300246
26733832
15405394
273805086
4592633
26109166
1348082756
1009714187
538207174
1184281376
1168756166
538207173
198735465
44427656
36876428
1096340105
692480571
4395577
158023905
39487919
1163895259
291695260
42103706
1163895262
1163895260
39487921
291691899
24677767
4409963
1077209078
1158803417
442949215
442680188
1295663397
1304125020
1210090687
1295663396
1305208179
1304125022
329967771
1295663419
1295663418
4675925
623465365
328819798
36876383
505117904
505117905
1258660768
1127987257
158023908
4395433
1127987310
476410246
476410247
1279992436
1127988519
50071662
78049203
437325046
188240629
4403508
4381082
35742250
35670765
1126200750
1094666585
1094666589
1094666587
1094666590
1094666591
1108304587
335462909
1108304588
1164203952
24240250
1165408354
894814135
894814134
1152491663
1152491664
1152491658
1152491657
894814133
894814131
154041909
894814137
122365339
1165408355
785302399
1241470198
38358261
154041915
78298215
1119940274
1161283430
376995433
1253429076
1391892864
1253429077
376995431
1155910063
1155910062
1391892863
376995434
1253429073
894814139
496885675
119521767
1156129614
753597878
1156129608
496884964
875774532
1012806593
1124414475
1124414476
1156129631
1156129630
411114881
971893834
498309453
118990212
474758447
514829409
603901210
925624090
603901209
1156129641
1212758053
1212758051
1212758054
1212758052
1212758050
1212758055
1069191747
1305206962
496884167
474651131
1408725399
899067637
899067633
1213266958
1180193269
1408272086
1003345619
24261687
756776166
4822325
260589818
533633844
901165861
901165862
1101407072
257430316
257430450
257430317
257430449
1158422331
260589819
1158422306
1360091541
1360091543
527591139
4720648
1360091542
489616337
1124400943
901165864
901165868
1391420019
533633846
1360091546
901165867
1360091547
527591141
8003551
1391420020
534233832
4490259
1124400938
1124400936
1124400940
533633845
534233833
103844056
1369013211
534233834
1101407069
901165866
537915115
4377141
337473767
971893833
1267860148
1268129675
1268129678
1268129676
529791046
1252001974
1252001975
1056191917
355800318
607982158
1056191918
1056191919
971893827
1056191920
1056191921
1090259966
1090272349
4609242
4609244
971893825
1082898708
1090272350
1392408736
118814489
543090192
1392408735
4609241
335462905
1392408737
332251723
321845147
1239523892
1239523904
1408243764
1239523901
1163475246
1163475248
129621746
1163475245
188441401
283919522
1163475239
499958263
1386073487
1163475258
129621748
1163475253
1391008263
1163475254
129621743
1177759807
1133395717
1167722611
989774947
263315741
302429264
1391008260
1391008261
1408247411
1133395718
1133395721
1239523895
1239523893
1239523903
1239523894
1239523897
1239523896
25485150
909288958
1181404040
23213543
172387845
50481674
1176346147
1147687708
1147687714
1338586179
1295479223
1295479237
1338586183
1338586180
4400158
1338586395
1338586171
1338586173
1338586178
1338586172
1338586182
1338586181
1338586175
1338586174
1338586185
1295457661
1217780627
1295457659
1295636121
1295479238
1147687713
1390739773
1412238082
1147687712
1147687711
1390739774
1390739775
888263916
1147687709
1412238084
1167723014
1162250265
4410418
4410417
1162250277
1068936254
1162250302
1068936253
1080606985
1138392688
1138392687
415472358
4763945
25219774
25219775
110149633
428657609
1138392691
631144129
1101064652
547466005
4540254
4410415
4471991
1168336686
1101064736
1101064702
1181409606
909296151
38523780
1101064701
1168327617
1168327616
4471993
36844647
1392196849
1392196852
1392196851
1177755441
1177755440
1392196865
1392196864
1392196848
1392196847
1392196859
1392196857
1392196858
1392202222
1392202221
1392202199
1101185154
1392202198
1101185153
1392202197
1392202220
1392202219
1392202215
1392202216
1392202217
189207086
1392202194
1392202195
1392202218
302429334
1392202196
1408243765
428661761
1408243766
1392202200
4475670
1162250262
1162250266
4475671
4410424
1095869689
1231390106
1231389811
1231389979
1231389709
909291873
909291874
1101184978
1392202193
1101184979
4410426
1119962275
302429348
4708136
1101184953
1392202214
1101184952
4410420
1180388531
377570837
1180388530
1138390350
1138390351
1119962262
1180239078
1180239077
1394006196
1180239076
1394006199
1180383931
31621016
1180239079
1119962276
1392202212
1392202191
302429327
1392202213
377570201
1392202192
1392202209
1392202188
1101180437
302429276
1392202189
1110388719
1119962292
1392202210
1119962286
302429346
302429299
1392202211
1392202190
1119962277
1101180375
302429272
1391008262
1101180376
102698235
1391008264
1101180379
259176003
1133395722
87687993
480240233
1138389608
1138389607
1138389610
1119962237
1394006198
1394006197
1138389613
4410427
31621014
1138389618
1119962212
1138389609
1391002071
1319006529
1391002057
1391002062
1101200523
1319011140
1391002058
227985298
1319006534
1391002070
1319011139
1319011138
1185918805
24851759
1321431577
1321431578
1321431579
1392900526
62682272
1392900525
1185918804
1391002061
1319006533
1319006532
1319006531
1391002059
1049301215
1391002060
24851760
1392196854
1392196853
1392196855
1392196856
1319230303
1319230302
1319230306
1319230305
1319230304
1319230301
1319230307
1176346146
328440060
34412632
1101066493
34412633
429488376
1101066494
34412630
1085999493
1101066477
429493398
326265135
87755875
41081449
328440061
429493397
4421117
1112702312
1092670178
4421118
1112717172
1392900530
1392900527
1392900532
1321431576
1392900531
1392900524
1392900528
1392900523
1392900520
1392900529
1392900522
1092670191
1092670192
1392900521
1392900519
1392900517
1392900516
1392900515
4515867
1392900518
1316918014
1392900512
978609676
1392900508
1128470125
1392900511
1392900510
1133052826
332306825
1392900513
1392900514
333310717
1074374159
1192370296
1128469802
706790675
706790674
1192373586
1392900509
1392900507
1209866264
1133052825
1192370295
1192370291
1192370290
706790676
1230616771
1192370289
1230616772
1192370288
1106101617
25204786
1111625369
1192370287
1192370285
1192370286
1192370297
1111625418
1275788115
332306828
1275788116
1111625492
450189360
4068090
25204784
1321414623
1306324916
1306324915
1306324917
328440058
1147616981
1318877565
1334664113
328440059
32977538
1147638470
1147638474
28502755
1392949021
1151021829
1392949020
948452245
610254387
822834621
1230291063
1230291042
1392928664
824819932
824819933
824819931
1192334689
1192334690
1215766460
822834635
1215766461
1192334676
1192334675
1230291043
1230291062
1192334677
1192334678
485854756
822834624
1192334688
8039911
103456918
9778542
23722556
1392949018
1392949019
44277777
511126837
511126838
511126840
23994725
160130966
109504849
1392949023
1392949024
1392949022
1392949006
1392949004
1392949005
39254486
838509361
1355822825
360360158
505001183
759409598
505001182
875469105
505001181
27719384
875469085
989328497
1411120582
1411120583
203912354
1323283749
1411120615
1411120605
1167722264
203910778
190235234
1411123211
1084910256
953694791
4705481
4705478
1101063602
1411123210
4705479
4410450
1101063587
682934029
4403863
203910777
1411120580
1411120579
1186706740
1186706739
1101063585
612346731
1092290169
1092290168
245189242
1101063584
4705480
1101063604
376720450
448298621
448298614
30189015
1324075554
1333703750
1167740440
203910780
953694784
23213546
953694792
953694790
953694797
23213545
953694798
953694795
1229282422
1229267605
1229267599
933153533
1213726519
1213726517
934953290
953694796
1213726518
934953291
866877255
1229546649
959615536
959615534
1229570350
933153531
1229267600
1229264930
1229282420
1301308957
1229264919
1229264922
1301308958
1229267606
933153532
1229282423
1229264926
1229265351
1229282419
1229267604
1229264921
866877256
866877254
959617810
1229552102
962111859
962111862
934953288
962111863
1391683955
1286848742
1391683956
962111858
1286848743
1391683957
959615537
934953289
962111860
1352347535
962111869
8045484
1013424833
24439192
671369234
748647434
44277781
30219632
1151525695
671369232
183576739
1151531331
1151531190
384414467
1152675237
161677838
1052422197
1186703459
1186703458
1052422200
1305302037
1305302048
1114862788
1305302047
1305302050
1305302046
1305302049
1305302045
1357877581
1357877575
1357880245
1357880243
1357880242
1338288351
1338288353
1357879181
1357879180
1338288352
1391160880
962783098
962783106
962783099
23125889
962783107
283022992
335195667
39965422
962783104
283022994
962783105
962783108
64206803
962783101
283022993
1357877578
64206806
31740440
962783102
1357877577
4804200
27606742
962783103
1357880244
1357877576
1357877579
27606741
1357877580
27606691
333607506
27606690
161677861
318101025
148631931
15219760
333626093
1312689365
28225618
8039910
37760786
1036448612
224178281
755644385
755644384
166645719
1131780858
808696229
1060659770
126095381
161677833
161677832
1131804610
1131804611
437656669
1201405886
1361924934
28000904
1408439592
949284660
949284659
4796539
1177650832
949284661
1408439590
4796538
4796515
161677896
331454315
1391337305
1391337304
1391337327
1391337330
1391337331
944532386
934457606
944532388
1391337303
1391337309
1391337328
1391337329
1391337325
1391337326
1391337308
1305010461
1305010466
1391337324
1391337323
1305010465
1305010462
1305010464
1305010788
1305003497
1305003494
1305010459
1391337322
1305003496
1311033800
1305003505
1305003504
1287013417
1287013416
1287013415
1287013414
1287013418
1286801890
1287013411
1286801891
1287013412
1287013413
1286799561
1286799558
1286799560
1285755013
1285755014
1286799559
1361549969
229321135
229321137
964534172
964534173
957024645
1286203976
1286203973
1286588381
1286203972
1286588377
944532390
1286588376
1286203974
1286203975
1286588380
1285755011
1286588382
1286588378
1285755017
1286588375
1285755015
1285755016
1286588379
1286588372
1285755012
1285755010
1286203971
181186870
229321132
182527415
182527416
182527418
182527414
1391337310
1391337306
957024649
957024647
957024648
964534170
964534169
1286203959
957024646
964534168
1391337307
1391337311
964521348
1391337313
1391337315
1391337316
4569871
1391337317
1391337319
1391337312
1391337314
29201084
4537056
1297408748
1297408750
437656670
956941783
1297408747
1051777172
1297407397
176338610
4537057
29201003
29201098
4706439
4706441
4706440
16867994
1155745917
1155745915
4068044
28426121
28426116
318101026
1361549968
1265091911
1265091906
1265091918
1265091917
1265091912
1265091909
1265091916
1350885612
10598760
98340717
98340716
1350885613
1351558290
1156808538
40816680
1391347011
1391347008
1391347010
1175516777
962783097
161241449
962783094
962783095
420492432
962783093
962783092
962783091
962783110
962783111
98340714
4706735
4706736
962783112
420492434
442910641
39965425
1204821110
1081850436
62192859
62192862
638684659
962783117
962783089
962783116
962783088
962783087
420492431
1081850438
1081850442
962783086
1081850439
1081850441
962783119
962783118
962783120
962783122
62192860
962783125
962783084
962783123
962783085
33969913
1369013212
34605813
1305081940
1297653216
142138184
1116522236
340338266
40817198
454710689
34618025
5117302
1095395140
42989097
1338285037
1338285030
1338285028
727598634
4638313
4594655
4594653
1116522293
4067951
1297653218
31910522
461320604
1116272419
31910525
35824861
39492181
687448326
1041635307
1095395138
381235978
381235979
172432949
1387012215
1387012213
40816963
1071291894
172432948
454719091
4594652
461320605
549879912
4675211
40816964
1391160881
1391160892
1391160883
1391160882
1391160891
1391160889
1391160888
1387012307
1391160884
34570656
5117653
1391160890
969524321
969524320
1387012305
969524319
4605293
4605298
342159206
281071129
4596957
1358318619
1358318622
171461671
5117261
342159198
171461684
962126394
1133399474
961847151
4071971
1133399475
1348721131
1348721128
1348721130
1133399471
338527878
959948589
5135483
1348721804
1107418305
1107419758
1337755703
1101424507
4581779
42732301
1101202382
1105277045
375861844
1413051809
1413051808
24985853
24985854
4571515
1413051811
1413051819
1413051812
1413051818
1413051817
1413051816
1413051813
1413051814
1413051820
1413051821
1102167329
8004069
4571517
375861850
8004001
8004000
1413060387
375861843
8005153
1413060392
1105276555
1413060394
8005155
8004003
8004002
1212136185
199796644
1212136181
1212136182
1263249096
1263225955
1263225956
1004914211
863796776
1263249098
1263243387
25631015
31740690
1263243386
28710921
1263257128
123908293
1107026258
1138671197
352683182
1102635733
1263257127
920191261
456213457
10857086
352683183
1312600191
1312600194
1101961662
1179966576
1312600188
1312600189
1312600193
1312600192
1312600190
70605745
183583889
28507651
1147237734
183583891
82456678
42378113
183583890
1147237731
82456679
25630356
147432180
4638316
727598635
41535060
1093431661
1107024958
10750015
463438508
1095446561
10750055
1149640627
1228976054
387290328
1197614189
1197614188
1128237618
962797511
962797512
962797518
1128240319
1106109321
1106109322
624132149
4606144
49181334
426100314
33705975
504237799
176273733
504237797
77096577
1149645487
979320608
979320609
979320607
31855146
223050357
448777039
24235779
1138598258
593851851
495001015
495001017
593851843
28679025
570380696
8658094
1160852556
570380695
553138151
553085685
1143844007
1143844008
1143844005
1091522849
1143844004
553137259
553137262
595869416
553137241
553137239
552929739
1143844267
1143844270
1143844269
1143844268
570696370
1119650238
1119250664
1119250663
1240609286
1240609285
1119250665
1119250666
1119380925
1138020468
1138015870
1119250667
43122793
971195760
1119250668
1119250671
17267888
1354589372
1119250669
1149071931
1149071929
1121505022
1226685624
1149071930
136086601
123955032
898533525
818998816
818998817
1149061965
68314925
802024933
547218607
1149071924
136086602
35867465
1173892048
172248642
25500705
1173898020
172439811
4631949
123955029
1175891680
1164622703
68314926
1173898022
1149060631
1149060630
203845135
1173898021
1195041844
389530551
1195041843
46138162
1188703791
1188703793
1188703795
1188703790
1195050008
1188703788
1153783415
1188703789
1131123096
1153783417
1170407986
1170400347
4764658
31690943
909333683
909333682
4764679
41982470
809300934
4764687
1019500766
1131128637
1018942846
1018884650
913792041
1018942844
1018884649
1192762860
1195225947
77348144
1018942843
1195251506
1192762864
4764162
4764161
69144322
1195251507
56094876
1101564581
1101564580
1149635597
57953162
54730867
23984495
1149636921
1055794917
1149635510
1058163433
34144223
34144807
36954474
1229155225
1078870837
1163733971
23984655
28913367
23984630
24591982
281059231
76021015
1289844704
1186003578
1186003577
1186003570
1186003567
1186003573
1185529685
1186014672
1185523379
1186014671
1186014673
1186011276
1185529689
1186011280
1289837982
1289837985
1289837984
1289837980
1289837981
1290088484
1290088485
962783126
1152406255
1289836930
1289836932
1289836931
1293408088
221755405
420492436
1289836935
1289836933
1289836934
4765767
1293408087
961724103
961724104
445676176
1289837983
1293631005
487197440
961724102
961724101
1160763402
1246276427
1289330061
1246276426
1292635069
1246276428
1292635066
293319599
1292638109
1292638107
1292638110
1302262345
1302262346
1302262350
1302262349
1292638108
34571184
1292635068
1292638111
1292635067
1292635070
1292635071
281617572
27835187
281617577
115956196
281617581
1370363344
27835186
363753974
1370363345
293319598
28426612
59392595
59392590
59392593
161373572
59392598
28426611
59392608
1283608613
281631707
420483060
420483059
478048072
33228714
1047690000
292902871
451458156
451458155
39775787
36957609
1185863797
25800960
1226212311
1226212310
1181715671
898548690
1356139067
896951021
222951780
206702348
934392184
1082537778
65571074
934392183
1082537784
1082537782
1082537785
1082537779
1082537783
1368146354
896968371
896968368
1368174250
144134101
1374496859
933129669
973508753
1356684404
1360646086
961194795
161275569
1356684405
1293392634
1356684406
961719043
1356684413
47586394
1293816801
1246279478
1293816803
1289337617
28671355
1191852790
961724112
40817792
1293816802
1293817456
961724111
1293817470
455402328
1393057937
1393057935
1393057936
1293631913
702155238
1293631912
1293644318
961724100
961724110
961724109
961724108
39965640
1293631914
1293639040
734109536
961724107
961724106
1290087147
1290087146
1289847635
1289847640
1289847639
1289847638
1289847637
1289847636
1290086746
1290086745
1289849890
1289849889
1289313250
1289311211
1289311214
1289849891
1289313254
1289315171
1289315170
1289315172
1287984877
1289313252
1289313251
1289315173
1289313253
1289314571
1138041973
1289315177
1138040678
485186213
1311044402
939209762
1291296936
1291296937
1301607648
1301607647
1301290473
1024711360
1301121241
1301301057
1301290476
1301290474
1301121239
617342840
1024711361
1301293733
1301293742
1301301058
1301293726
1301293728
1301293727
1301293743
1301293732
1301293739
1301981187
1301293740
28997889
215598583
1301607646
1301607645
1301357553
1301357555
1301357556
1361757868
145671853
965429250
1061554420
29375147
24996330
24996552
24996551
24997268
1301718438
962488984
1301718437
237303965
1301981186
962488981
1301718442
1301981197
1301981198
1301981203
1301981196
22391030
1301981188
519114783
23243429
23243428
23006106
185171435
231540156
385026155
1077708848
5046518
1099625179
28998223
633980329
225398543
1002502311
1122926748
1002502309
1122926745
1052527295
226947013
633980328
23243508
226947012
5046979
1151598350
397624119
397624566
823191140
1362707291
1383519134
1383519133
37292253
475409947
1050825904
8023537
1050835780
1050835779
538464035
318951578
317576653
317576652
318951579
66389871
862218842
23037892
40506012
697410684
1365328206
48273144
1362038064
58533480
130105248
163119966
1312744669
25758446
1033759501
1033759502
18830948
477455557
477455556
1099633805
1315793346
1315681810
1315770812
1315681827
148626871
1087974626
1099633811
1313716623
1313716622
1313716625
1313716614
1313716624
1313716615
1315770811
1314717745
1099633810
1091805074
1313716613
1313716627
1091805067
1314720207
1314717755
4556357
1314626180
1314626179
1314627914
5021367
1314626178
4581889
5011351
40505513
24067149
53374644
24013035
878636274
23994567
346579704
964002238
1139259589
1298329526
50281138
1352751114
23368649
930770439
1298281123
1005461119
5021369
1005461116
737726670
1005461121
1005385038
1314329428
1314329429
1314329404
1314329424
1314329415
4581883
1314329413
1314329414
1314329416
1314329417
1314329412
1005461125
23020737
669777847
523376847
60219322
125646613
48273134
1138180417
1007023584
1007023582
126833946
126833945
367831495
338687111
669777852
669777844
338687115
5134017
18830952
18830953
125646623
704271136
1035591406
125646619
18830951
171733375
23722415
171732998
57685646
57685160
57685001
18830950
410648235
1184534359
1051324217
1051324211
1051324216
1051126178
1051126182
1051233713
1051233716
1051233719
1051233712
1051318054
1051318055
1051126175
1051126172
1051126177
1050835781
1050825903
1050835782
1051126180
275251342
698330700
23919899
815560426
1383519126
334728512
287200142
1051324213
1051375206
1051375205
1051375222
1051375223
1051375224
1051375225
1051375208
1051375207
275600307
316189019
1320073094
1320073080
1320073095
1320073093
1320073097
1320073096
591061244
782194957
782194959
1158964445
123152819
1320167149
1320167150
1320159023
1320159024
1320159040
1320169491
1320169490
1305807297
1305807296
1305807295
1305735305
1346670659
1346670660
1305682819
822834603
1077137264
1305713249
824819955
824819952
1305817839
824819951
1305817846
1305722541
1305682805
1383296504
1383296505
911360560
1305817843
1305810109
1305810110
1305805988
1305805991
1305805995
1305805993
1305805992
1305805990
1364022189
1002890692
908121579
1002890683
1306869501
1306869500
1306869499
1214620881
1364022188
1214620882
908121578
1305682801
1306869497
824819954
991233221
1298969071
1298969069
1298969070
385190754
5095315
1320696010
1320461602
1320461605
1320461595
1320461592
1320698220
1320696011
1203847435
1320698215
1320698217
1320696008
1320696009
894604698
1320698219
1320698216
176374879
1320470862
10709835
1320470866
5077486
1320470865
1306240616
1306240615
1306240618
1306240619
1327225703
1306240612
1306240590
1306240608
1306240613
1327225702
1315882329
23029915
1315882328
1316364005
1316364027
1132154677
1132154447
23845812
23409959
1383296510
23409957
1383296509
1383296507
784873683
1172451728
1172451726
1172451727
1051375228
1051375211
1051375209
1051375210
1051375227
1051375226
784873682
1172451725
1172451724
60219337
123485307
1306240611
1306240614
1306240617
1320814241
1211117581
1005461104
1005385035
1005385032
1211117583
1005385025
996047692
126289886
122384696
1214406632
1005461110
1002872592
1214319166
1214319182
1214319181
1214319179
610255402
1214319180
1214319200
838509350
971869651
894632016
1214319194
1214319201
1214319195
1214319174
1321801878
1321962323
610254389
535238255
1192827785
1323122052
1320457829
610254388
822834617
838509360
1004916654
1004916653
1323127261
1323122054
1214319197
979949691
1214321240
535193519
838509351
1245500679
838509347
838509349
610256905
1172140626
838509346
1172140627
508173105
1082504615
1209879282
1211244576
4588818
1082504614
4588817
1211244573
1211244574
1133397569
1211244575
1211244563
1211244579
1150920718
1205974515
1150920715
886504136
1150920717
457410836
1150926575
72183529
23147688
23147687
72183578
1151913244
37142858
1132171508
1132171642
1132171509
1192346968
36192325
320177242
894944287
1081876600
1146407082
1192346969
611009706
1112702290
706795515
1081876592
328408599
978315948
4495579
58530591
1279672987
4495577
1111626681
1111626603
938378717
938378718
938378721
914580702
938378720
914580703
914162677
914162670
938378716
914162671
914162675
938378722
1391097106
1318104108
1391097107
1318104111
1318104109
1318104112
241770495
445379952
241770494
938378715
976929082
967248335
914162674
1311170497
973578695
973903423
973578696
967248330
914162673
1002890676
1306155268
1306155275
1306155287
1306155285
1306155288
1306155286
1306155291
1306155292
1002890680
1002890677
1363985631
1002890690
1002890679
762989126
762989127
4579718
440342097
762989125
1047532707
1154120402
974093059
916330988
1218015452
1218015083
1218010979
1218015450
1318525405
1218015451
1318525403
1318525402
1318525404
782402203
1040667155
914582504
810866164
1215581653
1215581654
223262305
916330985
973578693
1318336997
974201303
1318342697
810866163
916330986
810787032
1040667154
1066685711
1318342701
974172847
976929083
1318337001
967248336
973578694
1218015519
1218010978
810787034
1184397599
57387702
1217517818
1217517213
1217881488
1217881487
70186578
1217515421
1219879280
263787931
1158959854
24029326
1158959853
997802719
1158957182
1158956177
1158956178
1042814495
509443607
1042814496
28502678
1362707306
1362707305
1362707303
1383519136
1362707300
26367375
1362707299
1362707288
1362707286
1362707289
1362707282
1362707283
1362707290
1362707304
26367376
1362707285
1362707287
1319729733
1319729736
1319724608
1319729738
1319724610
1319724609
1319724611
1319729740
1319729739
1319733946
1383519140
1319733945
5000155
176031361
1385527205
176031332
1385527209
28502677
1385527207
1385527206
176031333
14438401
57401090
704470671
577813589
14355919
14363236
1197510470
1196861079
27717033
1389545223
27569338
1043339112
23786089
1158954912
1217350824
1089857194
1043339111
131834989
27883894
123102510
740150059
462582785
462582784
171766020
171767175
4895108
624268772
35321362
624268778
354012617
150912138
1282013563
50830991
723084569
118336908
1216298860
785002808
4605126
1157160094
1216300574
718428129
1305583059
1305583060
1146923354
4863640
4863639
589940468
1146923351
108037692
718428120
108037688
285484255
1030984133
1059851414
1056666081
4392637
1009639507
945127743
84218282
934737251
934737252
4420987
928653216
928653219
928653217
692616658
724629710
928653213
928653211
1358385332
928653210
37638502
928653212
472091207
1358385334
928653208
928653209
117818810
117818811
24613351
24613443
117818805
60219319
961665970
1066691131
1066691132
914162676
914162667
914162678
914162669
914162679
914162668
1318088263
1317863359
1317863358
1317863376
1164856551
1120450845
24348053
29277705
22955144
1365382726
1071807780
529585043
1365409329
397859391
32486910
1299877598
1299877597
1299877606
1299877599
32486913
914393194
1365543171
530246731
1304066808
1304066809
1365543167
1365543170
1304066807
23126650
529585044
997900524
529585046
713873345
1225111019
1225111018
1224968864
1225111016
1225111017
1147199816
1192377826
1192377825
1192377829
454903051
426917408
997900522
840482994
1192377830
1225111015
165041431
1192422308
426917409
985571365
1111782353
1011564760
1011564762
1111782352
1011564761
415288173
978312140
1192422307
1192422305
1303757122
1192422306
472095522
702559852
850742954
1303757121
426917407
989744646
978303282
1224968865
4400481
702557464
989743119
1391391999
1391391998
1215867635
1393004813
1393004814
1393004812
1393004825
1215867636
1215863167
989744645
989743120
1215863163
1215863164
989837901
989837902
1308891887
1215863153
1215863154
1215863147
1272351047
1215863148
1215863151
1215863150
1215863155
1215863152
1308891886
541571588
1192426354
1192426355
838573075
1192426366
1192426367
1192426365
1192426368
1192426364
397826101
1192426363
838573080
1192426361
975894718
1192426360
1192426357
1192426356
84792454
1192426359
397826100
975894732
975894720
1225111021
1192426358
1225111020
1192426350
1192426351
975894734
975894731
975894733
975894730
975894726
975894728
975894725
975894727
541571587
1224988776
1224988774
1224988775
1224988780
1224988777
1224988781
79868682
1395321500
4446560
1395321508
1395321493
1395321507
1395321517
1395321516
1395321511
1395321514
1395321510
1395321515
1395321513
1395321512
1395321509
533537958
1395321492
1395321491
1395321498
1086002003
21094447
114136347
1224988758
593851885
14369549
4389576
603969982
603969983
26614075
615403573
1216826808
1216826809
902194296
1216717136
1216717137
1070284536
1128027114
1128027115
1070284535
1068028457
1068028456
757433440
1117643778
495700165
4486595
4486594
396879570
25418585
1203113668
1203113673
4486596
396879568
451544120
783340301
24673480
974568795
1101188741
4449419
1101188740
1101188739
48454811
1150968962
1282124954
79386008
1150968963
983959915
983959917
365356645
1395321524
1395321525
1395321521
1395321522
1395321526
1395321519
1395321520
1395321527
1393223805
1393223820
1395321528
1393223804
1395321523
1395321518
1393223824
1393223803
1393223822
1393223821
1393223825
1393223802
1393223826
1393223828
1393223799
1393223798
1393223800
1393223827
1393223801
1393223797
1393223796
1393223831
1393223795
1393223794
1393255940
1393255930
1393255929
1393223830
1393255939
1393223829
1393255934
1393255938
1393255935
1393255941
1393255931
1393212834
1393212833
1169337084
1393212832
1393212836
25199265
84793982
1393212835
4413753
1393212831
1393212822
1393212828
1391134938
1393212838
84793975
205505802
1042721232
1185347593
205505801
1303851497
1303851498
1393212837
1393212830
1393212829
1168787031
112408880
1168787034
1168787033
1168787032
1393255928
1393255942
1393255937
1393255944
1393255943
1150968974
4575469
749896515
749896513
176621930
1146100690
593851891
11771667
1219618812
1222342997
1219618827
1219618829
1219618828
1219618813
1222343001
1222342998
1222334885
1110358172
1219618811
749896509
1219618810
1219621193
1219618809
1219621194
1219621195
1219618807
1219621196
1222334879
1222343002
1219618818
1219618831
1219618814
1219618832
1219618839
1219618838
1219618816
1219618815
1219618817
1219618826
1219618800
1219618820
1219618841
1219618842
1219618819
1219618843
1219618824
1219618821
1219618849
1219618840
1219618822
1219618847
1219618846
1219618823
1219618845
1219618825
1219618844
1155204802
1238637010
9609640
138891484
1111156711
13637681
21849639
9701970
4395594
1111174852
9768066
24910775
24910774
1222343007
1272298418
1222343006
1222343005
1222343004
1222343003
1222334881
1222334880
1222334882
1222334878
1219621201
1219621202
1219618805
1219618806
1219621200
1219621199
1219621198
1219621197
1169312815
1154091085
1169312814
1219618801
1219618804
1219618802
1219621203
1219621192
1222334890
1169195973
1169195974
1169197490
37499145
1169197491
4389663
208089047
37853469
208089049
1393252825
1393252829
1303409642
1155867553
1393252826
1393252830
1393252824
1393252823
1393252827
1393252828
1391123409
23485322
1133394802
1391123405
32909213
1391123410
10098783
23485320
23485319
1155867652
1391123408
1389589005
490356868
151527796
490351845
490351846
1139162889
1139162876
1113112206
4402682
168905068
490351847
1139162890
490351848
1188517282
1139162875
1219525456
4492007
41274617
490351849
1113112109
1113112132
1112136695
490351860
1139163218
1139163186
1100788810
1112136697
490351862
1139163392
490347866
490351864
1139163678
1139163677
1100788308
1100788811
1112134840
1139163393
490351863
814007276
1161761783
1219525455
4492009
1127509976
98399629
1391123401
1391123402
1391123403
1391123407
1391123404
1178775971
1178775970
84793972
1393223833
1393223834
1393212852
1393223791
1393223792
1393223793
1393223832
4444428
4444427
4436888
4444438
1277780743
1277780816
1101072051
823947546
1101072050
1100784395
823947547
302416095
1101072053
823947563
1101072052
327462540
32909627
823947562
302416096
1100784730
1100784733
302422396
1391391996
1391391997
1172821404
1215863144
1272351046
1215863145
1215863146
989839022
1215863159
1172748721
1387293368
1172748722
1387293369
610851195
1391004267
4475630
919304280
1391004268
989744644
1391391995
1172821403
1391391994
1192466146
1172821405
1391389583
1172759025
1391389582
1172821406
1172821402
989743121
1172759024
1391389585
1391389580
1391389579
1389545226
1172758637
1138388857
1391389586
1391389584
1391389588
1391389581
1172758636
1167407743
1167407746
1167407749
1391389587
1167407748
1167407747
1167407742
1164177318
1164177316
1164177317
1164177319
989774945
1163475257
1163475260
129621741
1163475259
171484595
1389545227
1163475262
1163475263
1163475264
1163475261
1163475238
1163475237
321845145
823947565
823947544
1101072590
823947564
1101072591
32909622
272966280
32909623
327462541
1101072353
272966279
832017302
1101072781
832017303
1116547312
1116547311
823947542
1101083664
1113120294
823947543
823947569
1101083665
1113120298
823947568
823947567
832017301
823947566
823947545
994863621
994863623
1113120231
1113120082
8094229
994863624
1101091275
1101091533
1056571152
1116547252
823947541
1113112107
32880567
490356863
159190106
1157208700
1139162612
1157208698
1139162613
1157206359
490356855
1139162614
1139162610
31007688
490356846
523857755
1101101150
96837206
96837219
1101102608
734284921
37540949
24912337
37540947
823947571
41898434
1101101679
1101102242
37540946
823947570
4396016
151527795
1101124314
911125559
1101123947
168902755
545634013
523857756
1056570391
327462542
490356850
28426838
33280073
4402689
1139162577
1139162578
1279631300
378939388
1133806443
1103787416
151525565
1338132407
149842929
1101115901
25185429
4409446
1350654884
22792468
60082470
60082466
1250740939
1392408729
1392408739
1392408730
1392408731
1392408732
1392408738
1413124343
1392408733
1392408734
22792467
22792465
22792466
549310787
10058081
66514461
309602348
1101157205
4615992
153376937
1101156344
153376938
309602349
1101158287
603901207
4615993
1101157404
1412298394
1412244899
153373877
153373879
1150439369
1150439368
720356201
1126178778
1126178685
720356202
4531811
4531812
4531813
4531810
47973763
52344540
1173535824
1173535825
4607067
520485512
520485508
34122859
969682144
1173533693
1173533694
1173533707
1173533712
969682145
969682149
45842276
1173517816
1117176132
969682154
1124597732
153370344
1116547158
1116547137
316741524
1116547140
153370345
1116547160
1116547198
1116547159
332465097
24912422
332465100
1300521878
521828509
335398605
1174533194
316741525
577560819
1116547212
1300523068
1300523067
1300523376
1300521879
24912460
1119215755
1101139044
1300521880
1300523064
1300523065
1300523063
151526149
151523924
151523084
1279629247
490372446
1100788994
1139162392
1100788999
378949094
413577596
1250475835
1027327077
1250475847
378949093
413577597
378949092
490372447
997185172
28497257
9536455
1139162023
23218352
4531469
997185176
997185171
1186068731
28497255
991644840
997185170
997185169
1275422160
499496750
1208624406
1275427681
1275422154
1275422157
1275422161
1275422156
1276559893
1276559892
1276559890
1276559889
1276559894
96418266
1161817424
1001891261
984020536
1001891260
984020550
127231792
1161823547
1276203625
37535686
1161823542
169028503
8005697
1161823543
984020535
4618714
1161823544
1161817420
11324302
997185165
991644845
5785862
997185167
997185168
991644842
991644833
173210317
969682160
969682159
1110388547
490361980
1001891259
984020538
984020539
984020551
1001891257
1119243828
1119243827
25121297
1001891258
25282192
1152906486
168913091
25283278
535304587
535304588
1107753957
270169683
319590641
729923322
729923321
980178509
980178508
1119243826
980178506
1125231172
15388190
223437074
334849439
334849438
592304418
166660790
129173236
1155239515
531908445
667651930
129173244
130536226
34057952
1126171520
60825560
12770231
12678119
1116876553
1116876554
223452949
166660781
1103784020
223434553
175671164
223721561
175671172
847237016
1347752579
909825424
1212396244
1212396243
1211324953
1211324951
39839438
1312107410
1312107442
1312107439
1312107441
1312107438
1312107437
1312107433
1312107434
1312107407
1312107435
1312107406
1312107408
1312107409
1211324956
1110388548
1322343054
532645869
461905068
461905067
1252362532
1412776112
279549312
1412776111
1412776110
1165401706
1165401707
689021662
1165401708
1311664010
1311664009
1165401710
1165401709
1311664008
1165401712
1121496495
147150379
25041360
1121496496
1256727614
1256723558
1253434858
1256723556
1253110766
1256723557
1391892869
1391892867
1391892868
1312107405
1312107436
1253434859
1253110772
1253434860
1253434861
1253110773
1253429074
1253110765
1391892865
1253110767
1391892866
894814140
1253439568
1253110770
1253110771
1253110769
1253110768
1105574293
1312107443
1147755012
1312107411
1147755013
328064919
1312107412
1147755014
1391895446
1312107413
1147755016
1147755017
1312107414
1391895447
1312107415
69409262
1124986520
884209962
1149365722
22972470
1149365724
1149365723
4611714
1238797610
1012530302
1009114665
371296400
1144651960
486980654
1040940511
43204378
1156219875
4612429
415388550
339201250
1102369967
216524084
23230852
22954356
1265918154
176031295
29383966
25086769
18997847
909402342
4612431
328426213
195418554
1102369982
902297515
1102369981
231882067
1057188587
1057188586
1081262260
1057188363
1057188364
497247979
1147628401
1171482803
1392210072
66071383
1392210076
1409860431
1311211788
1311211791
1147413312
1311211787
1311211789
1311211790
4612406
1057188588
1124992786
181462420
973566410
1124996853
973566411
370646853
370648473
370648472
902297514
973566413
973566412
4892697
262115855
961646430
961646427
961646416
961646414
961646380
386659490
961646415
262115852
961646387
961646386
961646379
961646390
961646413
195337821
1126700277
1061896722
1126700281
961712017
1126700275
961712018
961712012
961712013
961712028
172425900
961646382
959902754
172425903
1360712641
1360712640
959902753
961712029
961646385
961646378
961646383
961646384
68084763
795915225
796623682
1360712639
1061889498
981051251
981051253
981051260
981051254
1000372891
981051252
902297507
981051255
902297505
1392210077
1147628405
34059285
34059286
358219002
26472938
42998617
1348082736
359539642
31451993
31419957
31451990
26056008
1147628414
1147628413
1147628412
1147628406
11344525
1312107424
1391895451
1312107423
1312107422
1312107421
1391895452
1391895450
1312107420
1312107419
1312107418
1312107417
1391895448
1312107416
1186574032
1126170614
980109814
980109812
980109813
1126170612
12678106
4401920
1391895453
415424120
1312107425
4526407
1053404351
93642326
980109815
1144358731
1147909910
1144358730
1187918372
32975880
1044407954
1187914355
1210425266
138861604
24889519
148359938
1142744613
1147861212
1119174709
1044408570
1187918371
1119189324
1228864139
1119174728
1191498266
1191498267
1191498257
1191498258
1119174729
1191498245
1119174725
1119174726
53356541
1391101708
1119174727
1119174730
1119189322
1391101710
1391101705
1391101709
1142744627
1142744625
1142744624
1218553111
1142744628
25036025
1142744623
1218553112
1137714605
1124764664
1124764665
11342758
1200683453
1137714624
1137714620
23752644
1375690666
986163882
690575144
1375690672
489480667
1119345305
699015279
489480669
1375690667
1391101712
37911426
1290479831
1391101711
1191507407
1137714621
1137714622
664568614
1391101707
962654820
962654819
962654823
529174363
80706109
1118963846
1118963845
851506423
851506424
188591698
168227964
851506422
1119189342
1119189343
1192171994
1119189344
1119189345
1119189337
1119189336
1119189341
1119189340
1119189339
1119189338
1391917093
1119189335
1119189334
1119189331
1119189330
1119189327
1119189326
1119189323
1119189325
1228864138
1119189328
1119189329
1119189333
1119189332
1201907232
851610758
851610754
840977569
4686366
840977555
840977558
840977557
1385075969
840977573
48443402
22701532
959902755
796623680
959902776
959902744
1385075971
67523899
840977554
1323817846
209265560
933605618
1361651115
933605619
1385075972
27989512
851610745
4692267
1323817848
1323817849
1323817847
22701556
34393558
223666036
840278608
964321958
761086739
761086738
761086737
761086746
761086736
761086735
964321976
964321955
964321965
698150959
761086734
698150960
761086733
761086732
964321977
761086729
1091621209
761086747
761086743
761086742
698150953
1179961811
964321911
236000456
964321910
1191222241
964321899
1119189352
961901226
4686368
1179961797
1119189355
22772813
698150952
964321900
961901221
964321909
851610743
1055967003
1055967005
1055967006
1055967007
761086749
964321908
698150950
61639004
964402735
1148183675
61639013
4692264
964321907
966484915
1119189349
8007722
1119189350
1148183676
762914323
37863733
4692352
945743575
761086750
676630780
1133326030
966484919
851436054
761086753
30188083
761086751
851506425
1119189348
761086752
964402734
1119189346
1119189347
1059672153
562180792
281046896
1372765535
902297503
562180793
905940429
905940430
1372765536
138160584
840167882
1119166622
1259660748
1119166619
1123348889
1353535048
1119166616
1119166617
4526202
549169925
391493955
417721378
95928365
1123347492
1395483879
95928366
157738667
1056577310
1246411464
1119166614
1119166615
1353535056
1353535057
1119166620
1119166623
1353640511
1123348890
1354509405
741708106
1353640512
283311192
25151775
52104495
25151920
1236662415
1175826795
25151774
142161214
402757417
1139268916
1236655679
1115532470
512773657
25701679
1236655680
283311193
1212798605
1212798604
387205287
1212798602
1212798603
1191568399
387205282
387205285
251945929
387205283
267760318
1312678521
903030230
1155240422
691205453
633704681
691205455
691205451
4525868
1351023833
845151956
128746130
4525869
387205281
527065428
478649995
1200681499
1200681498
4406361
1124764661
1124764662
1124764663
478649994
53356540
129925164
128889571
128746135
275040956
128746129
863543061
36395401
396379971
358296780
267738201
1155239518
25418073
1119194274
254656382
1218894840
1218894841
1218894842
1218894843
154484610
102486256
1174265474
529086024
4618890
1174257965
4618891
1100552769
1174265454
25121299
25121298
67707631
1100552764
1174257961
4618893
67555337
4531629
1390629184
1174253786
1174253785
1390629186
978207741
978207745
978207742
978207743
978207744
1390629185
23109088
1390629188
1390629187
1102601953
978207746
538046758
978207747
1144047050
71282501
71282500
508614986
1144048223
1144048224
1144048221
71401494
1144047048
1144047049
593851959
67707649
223666035
1174253779
68115156
67555346
1174253787
1174253788
4582786
1105033254
1192731395
1276559891
4693529
529086023
529086022
150540946
1153063171
1188354747
1111181816
1111181817
1223293833
1223293832
21848458
1147660963
1147660965
1111181819
1147660964
1147660962
1111181818
1216817032
1216814130
1216817028
1216779111
1216779110
1216779109
1216779113
1216779089
1340708976
1216779088
1216779112
1390696251
1216779087
397052779
1216779086
1216779114
1216779085
1216779115
1216779116
1216779118
1216779084
1216779117
1216779119
1216779082
1216779083
1216779100
1216797747
1216779081
1216779099
1216779080
1212235264
1216797749
23108810
1216797746
153150625
1188343254
1188354748
1185347575
1185347566
1185347574
1308800788
1185347565
508614987
34871035
1144046811
1165173551
593851961
593851958
508614988
117915138
110450330
1337432072
1216779090
1216779108
1216779079
1216779107
1216779091
1216779106
1216779103
1216781122
1216779093
1216779094
1216779095
1216779104
1216779105
1216779092
1216779096
1216779097
1216779102
1216779101
152343635
92205980
152343636
337366628
1193165669
1065328222
1193227877
1193165681
548994093
1065328221
1193227876
337366625
253772086
337366626
337366624
1193165680
1193165683
1193165682
1216814132
1216817029
1216817030
1216814133
1216814131
1216817033
95928372
886710373
540175260
67557409
540175262
1217092012
341989085
67707641
1217092013
1154144635
830273411
1222961028
1154144634
1122774355
1023981166
1100713913
720895637
1154143711
1100717693
1100717694
1115801038
1147754192
310819381
1193165679
1188469379
1188469378
1188469381
1188469380
1188469369
1188469370
1188469367
1101032972
1145471977
1188469366
1188469355
1188469363
1188469354
1188469356
1188469352
1188469359
1188469361
1197776111
1197776110
1188469360
1188469353
1194008570
1188469362
1196160655
354907562
1130785250
43248420
43248457
4586244
1196772165
1196136997
1196136992
1196136993
1243148341
1196136996
1196136978
1196160649
1196160652
1196160653
1196160651
1130787077
1130785246
1196163587
1196160658
4586245
23490690
727392116
1323693330
88998292
1245396674
1333705663
1333705664
151353900
1323477317
1323693369
1323693368
4357826
1257611565
464372608
1074042013
1376096008
1257611564
148312432
1214141185
1214141184
1214141183
1214146136
1227709721
1214146159
1214146160
1214146155
1214141182
151372785
541885615
656507386
1214141187
1214141186
1214141188
1214146154
1214141189
1214146153
1214146150
1214146149
1236715299
1227711121
1227711117
1359553643
1214146148
1214141192
1214141191
1214141190
1214146152
1214146151
656507387
983399011
10360532
1214141193
1214146147
981320815
983399010
1214141196
1214146146
27730726
271100035
1214146142
1214141198
1214146143
1214146144
1214141197
1214141195
1023704954
428027066
1214141201
1214141199
1214141200
1214146141
1214141181
1214146140
1193127116
1214146139
1193127115
322543976
1214146138
428027061
1188469376
1065328219
1188469377
28362928
1065328220
25151771
25151770
753392484
845145776
1227711118
1227711119
1272710264
569785910
741708105
1259660747
1120781702
1213301316
1353795544
1353795545
318658553
318658551
318658548
461526169
30245194
938849668
182672729
182672732
339757118
182672726
182672727
327627453
4395057
327627445
1257003008
1257222269
938849666
938849667
1257222276
156597547
1257222274
327627450
1257222270
182672730
182672731
327627442
327627441
182672728
182672733
461526170
318658546
1259660746
1353795546
280461166
908876105
1216488981
22731043
155605307
945954404
945954405
936493460
364035822
283882761
23507923
908876106
244549219
907894082
844730335
995040145
844730334
651401916
1006784427
651401919
18942531
1006784426
1006784428
1006784429
651401917
1006784432
844730338
981641744
860229292
860229293
28812707
844730342
28812708
1065376896
1006784430
1006784431
844730340
844730333
844730343
1255957870
1255957871
844639694
1216459838
1216459839
1216459841
1216459840
844639685
1390656361
1216459844
844639696
836204619
932744089
1157704420
41517090
837200686
41517093
1255523403
932744090
1341951370
41517092
1126657714
1341951359
1341951357
1341951358
647762532
837200677
1341951356
5096266
1255579538
932744086
844639675
1255579551
1255588071
932744087
844639702
1390656360
5096267
785566177
1126798181
1126798185
31003576
1126798183
5364951
1126798182
5364950
1126798190
1126798188
1126798187
1126798186
1126798189
1126798193
448108731
1135143098
1126798192
33055828
1107584542
327627447
1067561751
30709738
631770195
1256993448
1256993447
30709737
1256993443
1144051609
708595512
1256993442
1256999308
1256999306
1257003005
1257003007
487201071
116703659
938849670
938849669
42752175
1107584530
30245005
1067561749
1107584541
1107584531
176372126
1107584533
1067561745
171372854
1067561747
1067561755
1067561746
1067561754
1067561748
1107584534
171364191
1067561743
116703663
1067561742
327627448
1107584540
327627449
1067561744
171364190
327627452
1107584537
1067561758
1067561741
622229584
31773579
195259831
1067561757
1107584538
1067561756
5363717
785566178
5363715
1107584535
4526218
327627451
1107584536
1144620107
31773580
5363716
111048866
5363714
1144620130
1132214383
1144620134
1214577045
1144620133
151619285
1214584012
1214584011
30699234
28971172
176923388
844539445
28680190
30699233
1144620906
1144620908
1144620946
158521684
1144620905
1144620947
28680189
28680187
28680188
737671739
737375233
30958674
1144621266
1408506212
1144621265
737671740
391889973
391889971
30958673
1144621293
1144621315
1391354805
1391354809
1188675739
445011478
1391354804
30958680
1088883067
4677913
544552834
1125925844
5363710
131326462
685111957
1155399359
1220273996
30893534
38198022
1188675738
1144623867
1172033472
1172033467
1172033462
911579759
4680223
1155396766
4617309
911579758
4594382
1172033459
606186153
606186156
606186152
606186154
357558840
142367144
1238454304
1196790828
4756370
1196160650
1216922438
1216931382
1232031420
1205460996
1343881799
1205460997
961488643
4791907
4791911
1176187152
131326445
142367148
1219700270
354907571
1172033471
1219700271
319920584
1144623840
1184881563
1228867002
1207398372
1209007023
542101123
4729699
1207398367
1148205278
1148205279
1207398371
1159150357
29572715
29572717
4729702
1208464644
1064492614
1107087165
1107087166
4791978
1149347731
1343881796
28088141
115724952
1230197782
1106161972
1231352159
1231352157
1106161975
1106161973
26158804
436261317
13621300
770120092
633600848
770120091
633600854
4475444
529801428
1160297413
1160297412
1160297411
529801429
1271506674
161883479
148093696
1160297410
1214666161
1214666170
1214666466
1160295168
1214666171
1160295171
1160295167
1160286556
1160286553
529801432
1160286552
1160286557
148093695
1214665928
388141566
378288280
529801431
4752425
148700318
1201444600
4693138
30149207
4463223
1201444601
483483274
501432098
451621864
721571892
469999008
30148744
1216418242
1216418243
1216418241
30157290
469999017
483483276
1228304237
1228304242
1228304241
192464207
902177951
243461324
902177952
902177953
1228333270
606838540
1228304236
1046778840
972448799
1216446644
1216446645
1228644416
1228644423
1228644420
607119762
972448801
1216446646
1228644415
1216446650
972448800
1221400178
1221400191
34822334
1228046596
1219027822
1160562107
1219027821
1160562106
482042884
1219027823
826146259
1160562108
1093953519
482042885
22021211
826146258
1218974305
1218974306
1144624314
1237907268
1237907266
1237907265
1216209376
1216209375
1237907267
985810721
525975762
985810722
1152543881
112509370
30149228
1223890737
1223890738
1122710069
70171833
1144624830
1223890739
440212233
1122465353
112509341
747947400
1193043625
1223910633
1146875489
1122464752
1144624924
1223910632
36071344
1223910631
36071345
209262338
525975761
1193043620
1146875488
79693816
1123020059
1193043621
1123020060
1193043623
1193043619
1193043622
67699829
1144624983
1023981167
144131214
38082626
1292013994
616097513
1117472840
1117472830
4472041
24223541
1116980484
1116980486
1116980485
1116980487
10039499
1077520787
1077520784
1106187857
1282019556
151022475
1077520789
1106187858
1106187859
1196751024
10039537
1106187856
1106187854
1106187855
1369013209
1196751029
1196751023
1196751026
1196751025
1077520781
1196751028
1196751022
1197060294
1227743024
1197060299
1077520788
1106187860
1197060297
1197060292
1197060298
1197060296
1197060291
1197060290
1121919120
1121919119
1121918227
1193043618
344256558
1123020062
1123020061
1121918226
1121918225
554961000
87332569
1197440326
554960999
52100735
1197440308
1023981165
1197440313
1197440314
1197440330
1197440329
1122482269
1197440331
1197440309
1197440328
150243504
1122482270
1122482150
67704027
554960998
1122784761
232562331
1147754202
1147754203
67556839
1147754701
1147754201
1132016233
606178177
1132041035
25199728
1203549759
606178178
4598275
1239623197
1208528700
1208528699
1208528697
1208524706
1208524707
1203337551
4582206
974528273
1203337539
1203337538
1203338094
1203338093
1203338099
966059753
1203338100
1203337550
4395479
1181398223
1161336051
330119107
330119110
1227175051
225442115
330119109
1227175049
1227175050
345385418
300806291
437152241
1318069058
148808648
1101275768
1101276110
1101275769
148808638
110549421
311904867
300806292
25468469
4520019
311904865
311904866
1240812094
48434592
25210555
379527794
48434593
868425754
1167524192
46151521
4520018
4520015
1086038047
331121194
1209200751
1209200752
331121193
1209200756
1209200748
1268222351
1268222353
1167524191
1268222352
110149631
4520022
1167524188
1167524190
1167524189
330972337
32843827
28427189
28427188
1167524187
79386020
974568794
319605607
974568793
1286513342
4395628
1286513341
4395629
1167520897
1167520896
1167524185
4368689
28427190
4431647
838499438
177599475
24673468
177599476
30501176
1207608970
1209200747
1209200754
140270692
1188912284
4700657
30124101
1240819282
140383153
22751060
868144484
4619865
1136652316
4619866
4586335
4586334
1136652317
62926833
14477523
229145772
229145771
27472474
1276725087
378329108
1223164192
375930762
1223164195
1223170942
1223171986
1223170928
1223171985
1223164191
1223164193
1223164189
1223164685
1223164190
1223164183
660945466
14477524
845426425
1278737912
179404219
243461323
191525358
978269803
229475790
1136652514
1278778140
24159914
1278829546
1278829547
229475728
375930756
28819510
131383397
131383393
1079700904
229475791
66375720
966179930
131383386
90966907
318434644
318434643
30148742
1157175497
318434642
229227248
1334517706
778077711
1136712740
1157152180
1136712728
1136713980
283307508
4729173
148061440
1136712729
1179849127
1136712730
283307509
25569945
778077712
1136652594
313932643
1136652592
313932644
23739135
23739134
48447377
148288888
797679668
1304648878
1193723973
1304648876
1304648877
1193723972
1204933447
1152249196
1193723963
1271957157
29565645
1147126257
1152249195
1230556351
1229942246
1230569754
1229942247
1229942248
1230556349
1230556350
1229942249
1229942250
1230574566
1148314449
1148314446
1230569755
1229942244
1148314444
1230569760
1230569761
1160397378
868422411
313917248
5364047
121176508
729111777
229990466
1160397379
1148596663
46907541
1229942232
1229942233
1116842019
1229942234
1116842020
1230556335
1229942237
1230556334
1229942238
1229942240
1230556342
121176503
1116849053
1116849059
1116849052
46907542
1230556338
1230556332
1230556333
1230556330
1230556331
1116840576
1229942227
1229942229
1229942228
1116842018
1271506672
529801426
597495147
1160392463
229990472
43773720
41829654
1265862967
1271506675
499715863
868422407
4841785
868422408
229990464
1168146836
1168146840
1148977267
1168146835
968253026
1148314451
1229942242
1229942241
1230556347
1230556346
1230556345
1304648875
1193723965
1304648874
1193723971
1204933446
1204933445
1204933440
1204933441
1193723967
1204933442
1204933439
1193723970
1204933438
1204933434
1204933433
1198590141
1413194070
1107088290
1413194071
29568941
1107088289
1198590142
29568939
1198590143
1107087164
1107087160
48846369
29567937
1064492613
1117347863
1259699043
1259699042
1259699045
1259699046
1198590140
1204933435
1204933436
1198590138
1217564933
1217564932
1219771004
1219721726
1219721727
1117347859
100598947
702312689
1257109250
702312690
1219721728
88524860
911579764
911579763
954138212
1395672617
1395672616
136699504
172548273
459221262
1299853804
1299853806
1299853805
1092979442
200775253
60911745
1393584072
1393584071
398618994
200767375
1391354806
1391354801
1391354807
936211278
1391354808
1307218942
1307218943
156579468
749259903
1074453166
30962392
1144621719
391889972
31002031
1144621718
461840225
881575686
30958677
478432727
1144621721
1101002049
30961317
1144622092
1144622091
156579493
1393584099
1393584100
1393584110
1104997619
1393584097
1393584098
779835108
1144622093
1144622090
1101002054
1393584096
1101002048
1393584108
1144622076
1393584107
1393584095
1393584094
1393584093
771241479
1227186929
1227186930
1149395311
1149394832
941966131
445351141
1101199438
1101199439
1101002521
1190645516
1131538461
152949422
1190645518
973338482
44360529
1131543402
114381367
23451271
947014754
156346080
1188981996
1188981995
1188981994
1188981998
29887240
60913017
37815463
702310757
1135872408
60913018
211575813
1413356339
1188942007
1413353373
1370680765
1413316098
1135872411
211575814
966158286
4713303
1135872407
1249185077
1249185082
785002801
114381412
1413560053
976148276
785002802
340089611
114381363
437191427
1249274072
1249249121
1249249120
1249249124
1135455767
437191426
72307633
1249161623
1249150135
966158283
340089612
5110865
404580763
28819751
28819752
61774539
450086118
450086117
404580764
404580768
140270693
29434388
1135872720
404580766
404580765
1306233687
1135872656
404580762
1306233686
309070517
36193578
1188996118
1188996128
1188996127
42752959
1335559378
1335559379
1335559380
309070518
1188996126
150295789
313916613
707079818
4378719
1305959732
1188994251
1188994252
4724547
1188994255
1188994248
1336507566
29492464
29549160
1108401509
1108401519
1108401518
1108401508
1230886350
1231333014
1230886349
1230886354
1108401517
1108401506
37906673
1230886353
1230886351
1231351584
1230886352
29492463
4724549
1342210398
119024152
22724005
47574921
47574920
1279605705
1279605704
718809955
958671827
246049139
665704916
1160419850
4864928
33078071
376730204
1146922941
1146922938
701019816
4323788
1046553441
22795902
23109081
604168576
28950716
566370356
345604184
41108858
835575550
62319170
604168572
731132808
708162123
1212069145
1212069144
1218056431
1212069125
1212069124
1212069138
1218056432
1375051954
1212069137
1212069143
1212069136
1212069123
23045301
1049941509
144798693
406741941
707580240
966803910
406741940
1212054712
1212069126
1212069127
1212069128
1212054711
1212069122
28950718
4424236
28950720
28950717
1212464301
28950719
1333696411
1239209458
43394507
1239209457
1333696410
1239209456
405667820
1239209455
43332475
4323789
1212604594
43332474
1212604606
1049941508
1212604605
1212604608
707580241
1052598013
1052598014
1212713466
23045210
1182174030
23045211
588046504
4425411
4424239
328316314
4424240
328316313
155033905
4424237
4779619
43259195
79429057
1016635210
894814138
1163475247
1163475240
4708134
4708135
49262695
1299877596
529585042
1192422291
1192422292
985571367
1192422293
1192422295
1192422300
1192422294
1192422301
981320816
