1189207999
1189208000
579849684
673019436
1189207993
1189207992
1189207994
1189207995
673019435
1300078517
1300078514
1299816289
1299860426
1299816290
1299816293
1299491553
1299491540
1300599049
1299491544
1299491542
55949054
952840091
256090655
1157153088
1157153094
1300589296
1299491556
1299523334
1299523323
1299523310
1299498421
1299498418
1299715908
1299715930
846724601
26550773
846724602
1299787334
1299382025
1299382019
1299382017
1299787343
1299787339
1299613406
1299613403
1299715906
1299715925
1299816292
1299816280
1299816277
1299816284
1227324000
1301162932
1191418310
1191418311
900639950
1191418307
900639949
1191418304
1189142796
1191776171
1191776160
392622003
1191776159
846732251
49185643
504229679
985962761
504229677
985962760
846724611
846724612
137699977
1227311404
1299864340
1116425693
1299860414
1299860418
1299864326
1299860420
1299860422
1299864320
1299860424
1299864313
115089752
826320261
1218867395
1218867394
828038526
1218867396
1218867397
824712375
1002420070
1002421675
1002739870
1002822790
1359922754
1196754871
1122257195
1370962602
24918428
1227538321
579730494
1197757500
349785627
1197757501
50176127
479700945
1215635576
1215635573
1292895967
1292895966
1215635568
1122593576
1391360372
1122592745
673018972
579045398
1391360368
284271702
284271703
970998078
970998080
970998077
970998079
1370962600
1217502843
1344796287
1344796307
1344796304
1009139333
1008742531
1008742530
1344796349
1009306065
1009306066
1009306059
1009306063
1009306056
981641760
981641761
1012578006
1012578007
1012300737
1012300739
1010246862
1012300741
1338736235
1010060783
1013467100
1009311757
1009306090
1009306092
1009139337
1009139336
1009139334
1009402033
1009402032
466942990
888236421
461326325
888236418
674863895
1002397804
674863893
674863892
970169805
970169806
970169815
1007832741
1007832735
1007832734
1007832737
839916333
839916331
130035465
839916334
839916332
1007677995
981973164
1047544506
970169835
970153792
964618365
970175742
970169823
970175749
970175743
970198237
970169820
970162253
970169811
967694259
895074279
1025800920
970194485
970197766
970197764
970197761
1000383794
1000383798
133529972
186606643
1120356852
1120357075
1007414685
133529974
997749600
997749581
997749583
1045351737
979873572
990275468
979873577
979873575
989227380
165292187
979873571
136711474
989227384
989756921
989227397
989756922
1215147041
989227386
989743082
989227383
989227382
137082974
137082975
1183018995
1183018996
990194449
1183019050
1183019049
989752620
995925609
979873581
979873579
879269184
879269183
240259152
967690379
967690376
967690378
970918278
967343744
967343739
961913947
967357952
967682715
1010818624
505669849
858870551
858967604
858967605
858967632
505413314
505669830
951755877
813927848
813927849
951755880
967682724
1096384581
1096392128
283524198
382682716
328644721
957691115
625667164
967351158
970915600
879269176
879269179
690116089
967355176
879269177
879269178
967353045
968431326
967354756
967354754
870399657
997749588
967551210
967537856
967537864
967551203
1011456133
1254318679
967688102
1254317366
964589587
1011456132
1254317364
951803969
940414779
1150776904
940414777
940414771
969832542
969832538
969836784
1008961833
951803963
872031035
1009152582
1009152584
1009152587
1009152595
1008961841
1008961838
793810101
793810100
960142336
960142335
793810093
948841889
827929033
633262205
948841885
995040145
844730336
844730335
1006839457
908876106
13853632
244549219
995040139
827928857
827928867
280461166
1216488981
908876105
827928739
22731043
844730337
283882761
827928838
23507923
827928941
827928814
827928805
827928827
828941594
138160584
905940429
840167882
562180793
1335200871
1372765535
1216563842
902297503
827928806
827928848
827928824
901251948
827928938
827928808
827928799
827928785
827929023
633262182
827929019
443764074
957691177
879269198
375723884
375130750
375130751
375723882
375128173
375128171
1182340928
538703464
1182340929
375126264
375126266
375131552
375130749
375131554
465669916
465669919
467202132
467202133
465669905
964322002
989752624
989752614
989748485
989748486
1234279516
989741611
989737336
989227388
998446746
1063308914
1063308957
989536541
989536548
989536543
22772813
1091621209
83707737
562180792
1183382410
1006839450
1006839451
981641741
1217504258
1297174444
1292689509
1292689507
1297174442
1292689503
1413696105
1131543219
1291887268
1291887278
1291887258
23451271
1290729519
1290729517
1290695990
114381367
952047795
1290729507
972125491
1195361907
1290729526
1291537002
1195361918
1195361906
1118014643
1215868721
1215868722
1215868706
1118014644
1195281614
1249564182
1195281613
1215868709
1214893488
1215862198
1214893490
1215862199
1215862196
1215862200
1215862216
666014334
1214893491
1215862201
666014333
1214893489
1195873056
1197740300
870458177
48956629
827928527
479603575
479603577
479603576
479603571
479603572
481823597
479603561
50645800
1216461188
128912346
384999567
951489120
1227408863
827930696
51391197
870458178
951482009
23044994
836874710
836874709
23451079
827930693
1117801811
893916532
976173256
537438758
537438763
827930694
1309201751
26551425
388478116
1117795449
846724608
121701856
37008681
37008680
26551426
49185645
827931669
900639951
1191429998
1191429997
1191418330
1191418331
900639948
1202548681
945736568
1191430005
1191430006
1299099408
1299099416
1299099410
1195398668
1299099412
1298859647
1195398678
1298859636
1298859632
1195398672
1275648695
1189196678
617564167
1189196676
1189196674
617564166
1137552618
945998413
1189196664
1189196663
1195361877
1195361860
1195361869
1195361865
1127461108
1195361864
1189196669
1195361859
1195281617
1293357397
1195281619
1293357398
1195281611
1189196670
617564475
617564476
1215999420
1215999421
1172318956
543968671
1195275735
1215999431
1290650090
1290650085
1290650070
1249185096
1249177671
1248936891
1249150135
1249161626
