385704149
1413447363
1157153094
1157153088
256090655
55949054
846724601
846724602
26550773
30081251
31102013
1250551251
1250555928
1068973854
1250417836
1250551248
1330892190
1330892192
1330892188
1330892193
1216252006
30081416
1216252003
431571673
191228472
1216252005
20313494
30081415
30081256
1117071662
191228471
1117071664
1216268065
1117071663
30081257
30081255
1413481211
1330892189
1193280113
1177905313
846732249
392622003
1191776160
1191776159
1193280114
846724605
1193280112
1330253086
1191776162
846732251
549818366
1135871855
431571674
1217320202
431571677
431571676
1250083162
1250083160
1081838355
30081411
1216252007
20313594
1217320200
1250083159
1250083161
1217320201
549818365
1134446934
431571675
30081412
31002701
137699977
868347085
872231973
872231976
1227322573
868347088
26236496
1080525755
1359922742
1359922745
1359922743
1359922744
1359922746
1080525735
1359922748
1359922750
1359922751
1359922749
1359922757
1359922756
1359922747
1359922754
1359922753
1359922752
846732254
1065916214
1292895967
479700952
821878263
479700945
5108173
42748866
5108171
5108172
1415253304
1370680778
1415274395
1415274394
137728456
1415274396
400071817
1160124807
1415253305
1391360372
1126656976
1391360368
284271702
284271703
1122591064
970998080
970998077
970998078
970998079
1415274393
255203111
824612665
1122257195
1370962602
24918428
1370962603
1304479654
981973156
1017359360
19822674
1002249741
1002249742
832662825
1413811542
28961462
987011165
987011164
981973159
1413840268
1413840269
981973160
981973157
434582224
839916333
839916331
839916334
130035465
693065560
829451966
1215038637
27102694
27102690
1215067032
682790626
829470693
1415608963
194653028
1215038634
839916332
23551665
437054297
822336437
822066214
434582222
182582353
1215038618
1415608964
182582352
679376891
679376888
981973161
981973168
981973169
109648595
987011163
981973165
19822675
671403218
671403219
27273396
27273395
28190643
28190642
263009972
669608786
828989239
825229554
667964315
41503136
668500524
26236495
827522238
1215351979
1215351980
686796478
1214295245
1214295232
1214295241
1214295234
1214295233
1214295240
1214295238
849528487
37776026
1214295237
1214295236
979889777
1214295235
1214295231
1214295242
1214295230
975250079
1214295227
1214295223
719248926
975250075
975250080
975250076
1004687933
1004687934
1214295243
1214295229
1415149710
1096342630
1416459039
1414864352
182694410
776093909
1320489176
689006789
764003856
29328289
764003855
1010818626
764003854
714695294
776093905
182694413
1002151926
1002151925
764003858
1002151924
776093903
764644567
764644568
764644564
764644569
764644572
764644571
764644570
764644561
764644573
764644577
651496149
782128169
446859359
822681385
822681384
764644560
782128170
964589591
28496023
764644586
764644587
764644588
445246510
967044750
967044749
1409852674
634037174
964589589
782128172
782128173
782128171
782128174
964589590
1096342629
182694412
764003857
1061094240
640466944
967044748
762925072
1008961844
762925069
51857216
762925068
37184618
213887879
964589555
1002238504
964589554
1002238499
1002238497
1002238496
880707286
964589551
858527786
858527784
964589543
1002238517
155594952
1002397804
964589542
1002397812
1002238506
137623807
1002238507
927876178
164679021
927876179
858527788
1002238505
858527789
37184617
1338736240
1338736238
18908134
1338736243
1338736241
1338736242
1391305700
1031950569
1008961841
1132782769
1416564762
1416564761
995040145
908876106
244549219
844730335
907894082
844730334
23507923
945954405
936493460
901251939
889203673
901251938
901251940
901251941
889203671
22731043
1216488981
908876105
155605307
945954404
364035822
283882761
280461166
840167882
138160584
905940429
1372765535
902297503
562180793
281046896
1372765536
905940430
945954402
155605306
1132581992
400740373
155605301
901251932
901251946
901251943
889203672
901251935
901251934
901251933
827928740
1130869562
42852292
945954403
1138261004
413997566
782128179
782128178
782128177
849599093
155605360
1217061910
954390045
849599092
849599091
849599090
1132782765
1132782768
849599089
1416564759
1416564760
991688879
764644562
764644563
764644565
764644566
782128167
782128168
764003862
764003851
764003848
764003853
764003847
961913947
1100792093
764003864
764003875
961913942
764003880
416859130
961913948
714695295
793512025
1391917094
959814937
761086726
964321963
959814954
964322001
959814956
964321964
764003832
981847257
764003834
764003833
793512029
416884947
764003835
689006788
764003836
764003878
961913946
764003879
961913943
961913944
961913945
1132782777
764003876
764003877
1002147962
764003837
29328286
764003865
1132782778
1132782779
1228841637
1234279516
1339341359
1339341360
1339341358
1339341350
1339341351
788538999
964322007
964322006
793512026
22772813
1091621209
562180792
4692352
860229293
28812707
28812708
981641744
860229292
1006784427
651401919
18942531
1006784426
1006784428
844730338
1006784429
651401917
1006784432
651401916
1342949104
1159136459
1342949119
1342949107
837200676
837200675
1342949121
1342949120
837200677
1342949101
39982803
837200673
837200674
1342949102
837200672
5096139
1342949091
1342949125
1415274391
1126656968
1342949126
785566176
4830086
941966131
1227186930
1227186929
1149394832
1149395311
1413696105
1413696103
1131543402
1413696104
1413696101
1413696100
1413696099
156346080
947014754
1413696102
23451271
114381367
1414065083
1172318951
1215862198
1215862201
1215862196
1215862200
1415375692
1370680774
1197740300
1197740323
1195873056
138515672
1197740324
1300651165
836874710
23044994
1415409482
870458177
870458178
827928527
48956629
1415409483
50176127
689248318
9651862
846732246
31002702
22721683
1146877410
1134447543
1227408863
1134447550
951489120
1134447542
384999567
708595507
836874709
827930696
893916532
1117795449
1117801811
827930693
827930694
827930695
1415409481
37008680
26551425
827931669
846724610
49185645
26551426
846724612
1330253089
1193280111
1193280115
1191425034
1191425035
30076967
172242937
854460711
1225572348
941900318
945998413
1414653177
945998414
1195873055
1300651162
1135872031
24621942
23103712
962936970
51138150
962936971
1412707311
962936964
946004039
908650926
1191418335
1191418336
1191418358
1191418357
846732250
30076966
1191418334
962936965
1413560052
1413560051
437191428
1249564182
962936969
946004038
785002800
785002801
114381412
1413560053
785002802
976148276
340089611
114381363
1249249124
1249249120
1249274072
1249249121
1135455767
437191427
1249185082
1249185077
437191426
72307633
1249161623
1249150135
340089612
1188942007
1413356339
1413353373
1370680765
1135872411
1413316098
5110865
966158283
