1413447363
1413447362
151742395
157110898
151742472
81414482
82212047
1200911699
81639714
217484833
151742493
81639686
461840199
385704149
31097548
1158370454
79131680
54459641
135777014
256090656
1158359036
31128903
151742494
31128901
135777015
151742487
151742421
31128702
157449719
1191418336
23101914
30076969
153959900
1189314576
846724603
846724600
30934754
157449740
157449749
1299788081
80376992
1299788159
1068973854
1250555928
1250551251
166760388
31128992
31102013
1250417836
1250551248
30081251
1250417837
1250551247
1250417835
431571672
1137206649
30081250
1413481212
1413481211
1137206641
30081252
1216252006
20313494
30081416
431571673
1216252003
1216252005
191228472
30081256
1162970259
30081415
1216268065
1117071662
191228471
1117071663
1117071664
30081255
30081257
1191418357
1191418358
1191425035
1191425034
1330253089
1193280115
1193280111
1193280113
1177905313
846724605
1193280112
846732249
1330253086
1193280114
549818366
1135871855
431571674
1217320202
431571676
431571677
30081411
1216252007
20313594
1250083161
1217320201
1250083159
1250083160
1081838355
1250083162
1217320200
549818365
1134446934
431571675
30081412
31002701
176051612
1116425695
25944425
26547179
862741106
868347084
1227322574
25944426
175934374
429155580
80377004
1116425699
1116425697
153959895
429155576
157110895
20595738
664581109
1199463689
1199465846
26236456
1378430646
824553939
824553940
26236496
19383831
41503136
26236495
668500524
832662818
1080525755
26236457
1080525749
1080525752
264463432
23859376
832662816
860763947
832662815
881325906
881325905
1002830114
23859379
8896093
126396017
1121917423
137884043
1122257924
1116878468
5108173
1215636005
1215636004
600378291
118740777
373625579
1313144551
1313144552
42748866
5108172
5108171
1415253304
1415253305
400071817
1160124807
1163759702
1122591064
434582230
1370680776
1370680778
4830085
137728456
405607388
405607387
1126656976
1126656978
405607389
255203111
4830086
4827473
689248321
1121917421
1121917422
5110664
824574379
1072450151
1072450152
172188622
1297179762
5096142
5096141
5095582
816978406
1214795461
5095583
816978407
39010716
1214552511
816978400
816978399
872011296
872011295
335684133
1132196103
836354429
1253269696
1253269699
836354424
1341951306
777185686
1002240991
1009139341
29892934
29892936
1009404587
816978350
18908136
875906012
369443307
1009306054
1009306053
334088180
1002240990
1391305723
826625825
29892624
24159804
37184617
18908134
1338736238
1067724389
1067724387
1067724386
28961510
816978349
1067724388
816978353
816978351
816978352
1002247008
1002249741
19822674
1002249742
832662825
1017359360
856796867
155594952
964589542
1002238517
964589543
858527784
858527786
1002413666
438031672
970927982
155594919
28961462
987011165
987011164
423009430
1055972545
809606206
434582224
981973157
981973160
1413840268
1413840269
981973159
1413811542
981973156
130035466
1215038637
669608786
828989239
667964315
825229554
263009972
829451966
693065560
1215038618
679376888
682790626
1215067032
27102694
27102690
194653028
1415608963
829470693
679376891
182582352
182582353
434582222
1415608964
822066214
1215038634
822336437
437054297
23551665
27273396
671403219
671403218
19822675
981973161
987011163
437057436
981973166
981973165
109648595
981973169
981973168
981973170
31824545
28190642
27273395
28190643
1215351980
1215351979
827522238
627841669
964618367
1015973524
440407489
785350819
32501937
785350820
970175745
785350784
1184474118
1415647272
686796478
266920619
1325522920
1274493065
440407488
1213604596
1009116415
627841674
967690964
4849535
466318949
209264195
155605276
9188888
9188889
881150162
1136034154
1136034150
1136034153
849528479
849528478
849528480
37776026
979889777
16114536
4714346
849528476
845476767
249453223
849528477
873150441
75909830
1192876322
984653340
1055826167
984653339
816324765
816324766
816324771
4686467
816324770
789027137
1136034144
1136034146
1136034145
1136034148
1136034147
155605331
640465874
714852423
796126331
796126332
881150161
753558432
1004687931
155605332
1004687934
985739598
796126330
155585309
1187689890
979873584
1136034180
155605273
764003847
1100792093
764003853
764003848
1002151926
1002151925
182694413
764003858
776093905
1002151924
764003851
764003862
714695294
1010818626
776093903
764003854
764003855
764003856
29328289
782128168
782128167
764644566
764644562
764644564
764644569
764644568
764644567
764644571
764644572
764644570
764644561
764644573
764644577
822681384
651496149
782128169
782128170
964589591
764644578
446859359
822681385
764644560
28496023
764644586
764644588
782128176
764644587
782128175
445246510
630384598
964589590
782128174
782128171
782128173
782128172
1409852674
1415149710
640465875
1416459039
182694412
764003857
1096342629
1096342630
1414864352
1304329015
182694410
776093909
1320489176
689006789
657255429
155605274
1188169339
98439707
30163765
640466941
209264194
1135759158
155605341
640466942
640466943
640466944
648467510
493504242
1009116416
65707578
1101555370
840566789
65707583
266920620
377897662
975241319
975241318
279465695
18908127
445246513
964589589
634037174
714067249
777345618
777345620
1002238497
37184618
964589555
213887879
1002238499
964589554
1002238504
858527789
164679021
1002238505
858527788
927876179
1002238507
927876178
137623807
1002238506
964589551
1002397812
51857216
1002238496
777345629
861068543
1002238495
777345627
1165239152
777345628
777345624
777345625
297059847
163379149
297060623
1338736241
1338736240
1338736243
1338736242
1391305700
1323798536
1323798537
777345616
777345617
951803956
1068009884
951803957
297059843
413997562
816236488
816236489
1160537686
1160537687
32139375
1416564761
816236477
816236478
1132782765
1132782768
849599089
1416564759
1416564760
991688879
849599090
849599091
849599092
849599093
901251933
901251934
901251935
889203672
889203673
901251939
400740375
905940428
1317424208
1321694319
1321694320
1223053923
1321694325
1321694324
13853633
1317424209
155605307
945954404
945954405
936493460
60825559
901251938
901251940
901251941
889203671
901251943
901251946
901251932
155605301
400740373
1132581992
155605306
945954402
945954403
1138261004
42852292
1130869562
827928740
1217061910
954390045
954390046
155605360
413997566
782128178
782128177
782128179
764644563
764644565
1132782778
1002147963
764003863
1132782779
764003837
1002147962
29328286
1132782777
4692328
689006788
764003836
764003835
1002147964
416884947
416859130
764003834
241014148
714695295
23026122
23026119
27943683
23026123
31909835
816324779
218539598
1100791551
56002688
23026101
56002689
964322027
71392278
879269206
228498038
1100791552
1228841637
638688891
1234279514
75509950
888080786
4068029
1236308147
46833651
845476765
1136034168
28812707
981641744
1006784432
651401917
1006784427
18942531
651401919
1006839409
30184536
994949475
994949476
795574345
1216244160
795574346
860667828
1132196098
19800046
1132196097
836354430
1253269744
1253269743
836498509
1132196099
111047836
1132196100
1253269742
1132196114
1253269707
1132196113
1253269708
836354421
1132196112
1253269703
111047837
1253269701
1132196110
1253269702
837200676
837200677
39982803
1342949104
1342949120
1342949121
837200675
1342949119
1159136459
1342949107
837200673
1342949125
1126656968
1342949126
1342949091
785566176
837200672
5096139
1342949101
1342949102
837200674
1100699213
160765596
1414627875
1414627876
156350706
941966105
156350671
156346077
39981589
1149395312
1131543402
156346080
947014754
160765458
126264491
1414065081
1414065080
1414065082
1370680767
962936966
48743035
1414627873
1414627871
1414627872
1414627869
1414627870
1414627868
1414627867
1414627874
22730329
941966138
30140628
30140698
1149565233
373625578
138515672
155586405
438238614
30140696
1370680774
1300389737
383987239
1117827613
438238615
205756201
4662878
481779977
479157069
137884047
137884046
8008858
1065916214
9651862
387515184
846732254
846732245
437114083
437114082
31002702
22721683
1146877410
1134447543
1134447542
1134447550
30140813
5108212
708595507
741356023
172242937
30076967
125513953
125513952
854460711
79799802
153959890
1295451684
1225572349
1225572350
1225572348
1216036384
1353242407
1300396219
1370680770
1370680771
1370680773
383987240
383987241
1353242408
1300651167
1300651163
1300651161
1370680769
33389695
404565176
962936971
186609459
962936970
1135872031
23103711
51138149
1135872029
1352416633
404565173
31098742
1352416632
412749239
24621801
1135872032
1135872033
23103712
24621799
35169585
1135872030
24621942
1412707311
962936964
51138150
946004039
1172318951
962936965
1414065074
1414081643
37009750
172421115
900761798
1414065075
153959932
1191418334
1191418335
854460710
30076968
30076966
846732250
156346067
962936967
1370680766
24621943
156346040
1172318948
1249564180
962936968
1249564181
962936969
1249564179
1118014645
1249564178
946004037
1414065078
156346046
437191428
1414065077
1414065076
970740190
970740191
1414065079
23103714
785002800
785002802
976148276
114381412
785002801
340089611
114381363
1249274072
1249249120
1249249121
1249249124
437191427
1249185077
1249185082
1135455767
72307633
437191426
1249161623
340089612
983507005
966158287
5110865
1135872411
211576016
1370680765
42990124
155605322
163379148
846732255
