# Hier OSM-Way-IDs eintragen, die ausgeschlossen werden sollen. Eine ID pro Zeile.
343030047
199387284
23129471
137460401
991852956
1255579550
27730218
27730218
4525902
1153063170
1153062396
529086032
1222845492
1275427680
176043821
176043814
4588211
1251176039
1303757120
1316364026
1306240606
25707558
1369516344
1362014552
980782556
1132423156
25642130
24325818
23318939
37022828
1147596099
1097160406
1093760298
1256517420
175594901
30824596
935201704
935201705
98774525
685111949
1119215744
1119215743
25185428
1392196850
1165436292
26247764
61583423
4740756
42690514
1396828392
1396828391
1396828398
1343764077
422854030
1041303146
664588196
1308910447
1115180748
1115180748
23634382
1011961113
784873680
1305807298
1305735303
48230577
1136652323
978269804
1136652601
1136652601
1196580394
964322005
962250687
964322004
1232419822
66514458
176031303
61583423
83821924
830368869
830368867
830368868
831706534
948841882
981641759
1214889366
626441054
1259060206
349785626
511086615
962928683
129559630
472244044
138603867
138603864
846732252
1299864333
1250542689
713631178
1250542687
1250542690
256090654
1158353960
1344796284
375126277
138515671
827928934
371123593
901251930
827928904
831706533
875906011
29892931
37938459
23507923
908876106
844730336
995040145
182694410
182694410
375126266
375131552
375130749
71392278
23026101
56002689
964322002
467202132
467202133
941966138
1215862201
30140698
690116089
20595738
664581109
1199463689
1199465846
26236496
543968671
693633083
693633082
8008858
666014334
3679087143
1214893491
