914147910
1290650085
1290650090
1290650070
1215868721
1215868722
1195281614
1215868709
1215868706
1118014644
1249564182
1118014643
1195281613
1172318956
543968671
1291537002
1195361918
972125491
1195361906
1195361907
1215999431
1195275735
1215999420
1215999421
1195281611
617564475
1189196670
1189196669
1195361860
1189196663
1189196664
617564476
1275648695
1298859626
1275648692
1298859636
1298859632
1298859631
1195398672
1195398678
1299099412
1195398668
1191430006
945736568
1191430005
1202548681
1299099408
1299099416
1299099410
1298859647
846724602
846724601
900639950
1191418311
1191418310
1191418304
900639949
1191418307
1189142796
1191418330
1191418331
900639948
1191429997
1191429998
900639951
1191776171
26550773
1227324000
713631178
1299382019
1299382025
1299382017
1299787344
1299787345
1299787343
1299787339
1299787334
1299613406
1299613403
1299715930
1299715908
1299523334
1299523323
1299523310
1299498418
1299498421
1299715906
1299715925
1299491540
1299491553
1299491542
1299491544
1300599049
1158353960
55949054
952840091
256090655
1157153088
1299491556
1157153094
1300589296
579849684
1189208000
1189207999
1189207994
1189207995
1189207992
1189207993
673019436
673019435
1299816289
1299816290
1299816293
1300078522
1300078514
1300078520
1300078517
1299860429
1299860426
1299816292
1299816280
1299816277
1299816284
1299864313
1299860424
895114490
895285919
1211532637
1211567156
1082712011
1159121137
1159122316
1082712010
1082708415
1082708416
1304000406
1303761844
1303761839
1304000404
1303761837
1303761842
1304093988
578916967
1304119749
1304093984
1089546232
1304071390
1082900840
23961398
1089545058
1090066460
1089539992
1089539988
1013626046
963376698
23948269
604732621
475269388
1037524318
1296350390
336335434
36942349
1085176627
934755987
934755988
1085174786
934755978
934755979
934755986
1309410385
1015775798
934755967
1379316076
39356751
27051271
1085177958
1085177959
934890404
1058097455
934890405
1325497867
1190376985
936285868
1152941046
1152941045
1014229935
600369830
579786672
579786670
238053704
1072175403
1015320750
1015606690
1015606695
1015606694
1015606691
1152941043
1152941042
936285891
934703166
934703165
38346450
230253092
865628049
1309621552
1309620585
1218557185
1218557184
1218557186
1218557181
1218557182
1032351179
1116041072
24921401
278656127
24519829
41194338
1126414473
24522970
1116041071
165211029
45926993
1309625166
1050582403
1211336815
175760022
1211336811
1211336812
175760026
288073841
1211336806
1211336805
288073836
228787953
1211339819
1126445720
1218557177
1302938395
1218660590
1152863952
1302938390
1302938388
1302938401
1302938402
1302938403
1302938405
1302938414
1302938412
1153215280
910439509
910439508
1153053779
383399575
1115679113
1156447697
1156447693
1156447695
1156447692
1126187557
1303141280
1302938437
1302938430
1116168762
217297598
254694288
1156443637
1302938424
1302938418
1302938420
1303548492
1303548491
1303548493
1303548489
1116849136
36970300
548758417
1157254725
356592293
37953902
32936745
37953816
1301516663
1134232679
32936725
413009408
24751627
1172641186
27080928
1120801529
176031363
37953903
1211277197
1211277198
1079249934
1064845311
175766167
175766166
1211277194
1211277195
1211277196
58176706
1093036423
1079249932
1079249931
175760023
157117612
1138047104
1156287318
1302938380
1156287325
175766170
1211336792
1211336791
1156287324
1211336790
1156287323
1211336796
1211336794
175766171
1078402827
1078402831
1211238964
1211238965
46733382
1086782654
1086782653
407280953
407280960
407280958
1324854976
1324642036
1324642039
886496561
1211363258
71746018
143407276
1211363260
1211363261
886496565
234016530
1211915575
1324860298
1324860299
886496559
1324637126
1324642037
1233497587
1335005457
1211572979
1211572980
1325493584
1013946631
1211572990
1211572991
1324965920
336335403
887604837
1324965927
1211572987
1211572988
336335422
1324965917
887637458
1324965916
581145190
1211587331
1211587330
336335399
1211587335
1332610059
257131022
1332610056
1299860420
1299860418
1299864333
1299864326
1299860422
1299864320
1116425693
1299864340
1227311404
1299860414
1185319465
1211598635
283317449
1211598636
868347086
1116425704
25944409
868347083
872231972
1211592751
239220372
1329849460
1329849440
1211592750
1211592746
1211592747
1329849462
239220370
1329849439
1329849459
1329849458
1329849438
1211592757
1211592759
1211592765
1329474686
1329474687
1111028973
137699977
578620888
578620893
578620902
578620896
227895164
578620904
25944405
1301162932
985962743
846732251
504229679
49185643
1191776159
1191776160
392622003
985962760
985962761
504229677
846724612
846724611
26551426
49185645
827931669
893916532
1117801811
976173256
537438758
537438763
827930693
827930696
827930694
1309201751
23451079
846724608
1117795449
37008681
121701856
388478116
37008680
26551425
1189196678
1189196677
1189196676
1189196674
617564166
617564167
1137552618
1195361869
1195361877
1195361865
1195361864
1127461108
1195361859
1195281617
1293357397
1195281619
1293357398
945998413
836874710
23044994
870458178
951482009
870458177
51391197
1197740300
1195873056
1214893488
666014333
1214893489
1215862201
1215862198
1214893490
1215862199
666014334
1214893491
1215862196
827928527
48956629
479603575
479603571
479603572
481823597
479603561
50645800
128912346
1216461188
1227408863
951489120
384999567
836874709
1121183056
579286937
234321991
137700060
25944401
479603576
479603577
1227538322
483186849
1227538321
1197757501
349785627
579730494
1197757500
50176127
479700945
1292895967
1215635568
1292895966
673018972
1122592745
1215635573
1215635576
1215862200
1215862216
579045398
1122593576
1391360372
970998079
970998080
284271702
1391360368
970998077
970998078
284271703
1122257195
1370962602
24918428
349785626
511086615
1196754871
1370962600
1217502843
1259060206
1217504258
1214889366
979807102
1009139334
1009139333
1009139336
1009139337
1008742531
1008742530
1344796304
1344796307
1344796287
1344796284
1344796349
839916333
839916332
839916331
839916334
130035465
1316352013
1002421675
1002739870
1002822790
732001024
1218718003
1057606268
1313692219
1057606267
1003169045
673523876
1218718004
1218718007
673523875
1280012737
1218718006
1280011734
1280007516
1280007520
1280005010
306863887
306863888
956110639
1280005006
1280005009
1280005011
1280005007
1359922754
996200356
176210523
176210522
71746023
1211942179
71746020
71746024
176210521
1211915583
1211915582
1211915581
1211915585
1211915586
1211915577
1211915576
1211915578
1282403788
1282403781
1185000586
1247000660
963450772
1185000587
1185000585
868347099
1185000588
1280001204
300176338
75315875
1301355955
1301355962
1301355967
1302077759
1225892537
1302077760
1229453909
1229450882
1225894722
1229453910
1225897056
1229457684
1229453912
1225894723
1229576359
1229576356
1229499377
1229457687
1229457686
1229576357
1229576634
1229453911
1229499379
1307924031
1307924027
1307924032
1307924029
862963718
1218621168
1218621166
1218621180
1055581270
1218621176
1218621174
1002420070
828038526
115089752
1218867395
1218867394
826320261
824712375
1218867397
1218867396
964618365
970153792
970175749
970169823
970175742
970175743
970198237
970197761
970197764
970194485
970172807
970169824
970169820
970162253
970169811
970169815
1007832737
1007832735
1007832734
970169835
1047544506
981973164
1007677995
466942990
1009402032
1009402033
888236418
888236421
461326325
1007832741
970169805
970169806
674863895
1002397804
674863893
674863892
1010060783
1338736235
1010246862
1012300741
1012300737
1012300739
1012578006
1012578007
981641759
981641760
1009306056
1009306063
1009306059
1009306065
1009306066
1013467100
1009311757
1009306092
1009306090
981641761
1009152584
1009152595
1009152587
948841885
830368869
831706534
830368867
830368868
1391306246
831706533
948841889
948841882
960142336
793810093
960142335
793810100
793810101
951803963
1008961833
951803969
1008961841
1008961838
1009152582
872031035
940414771
969832538
969836784
969832542
940414777
1150776904
940414779
940414775
967694259
967551203
967537864
967539893
967551210
967537856
964589587
1254317366
967688102
1011456132
1254317364
1254318679
1011456133
967354756
967354754
951755880
813927849
813927848
951755877
505669830
858967632
505413314
858967604
858967605
633262205
827929033
633262182
443764074
827929023
827929019
505669849
858870551
1096392128
283524198
328644721
382682716
957691115
625667164
1010818624
961913947
967357952
967682715
957691177
375128171
375130750
375128173
375130751
375723882
375723884
879269198
967343739
240259152
967343744
967690379
967690378
970918278
967690376
879269184
879269183
997749581
967351158
970915600
967682724
1096384581
283524197
283524191
879269179
879269178
879269177
879269176
968431326
967353045
870399657
690116089
967355176
997749588
997749583
997749600
133529974
1120357075
1120356852
186606643
1007414685
133529972
895074279
1025800920
970197766
1010734138
1010734134
1010734142
826833982
22769004
40121240
40121245
899436348
25857481
395974974
19804129
838520217
176050274
19804131
150810051
838520228
1005740301
544599537
1203925335
1005740297
1005740306
1005740307
459535075
459535078
24189031
22769102
80300011
927479462
80300012
80300009
1184779275
22769103
1168601413
1168601415
1169121865
22769098
44146384
1169121862
166979985
22769100
166979983
166979986
22769003
1010726067
1010726066
1010726064
1000383794
1000383798
1045351737
990599608
979873572
165292187
979873571
136711474
990275468
990194448
1192876334
990194439
979873579
979873581
995925609
375126264
1182340929
1182340928
467202133
467202132
375131554
465669916
465669905
465669919
375130749
375131552
375126277
375126266
964322002
989752615
1183018996
1183018995
990194449
989752620
1183019049
1183019050
989752624
989752616
989752614
989153828
989748485
989748486
989741611
1234279516
989743082
979873577
979873575
989227380
989227383
989227384
989227382
137082975
137082974
989737336
989536548
989536541
989756921
989227386
1215147041
989756922
989227397
998446746
1063308957
1063308914
989227388
1118451340
1207188253
1118451341
1215147045
1207188252
1374135550
1208704928
150186502
1327581438
356950620
150186507
1215140707
1215140709
1205477209
1205477200
19064225
1215143785
1205474279
990599607
1247649672
1205469064
1247253194
1205469062
1266625291
1266625284
977046597
984857520
849565607
1120553296
984857528
1266625296
1120553297
901561459
1266625293
1266638015
24042478
1120553298
55504015
55504016
45050630
1205474283
350852764
55464106
55503366
55503367
55503369
100841442
55503368
589626444
589626441
715711019
1207189455
1215140697
1215140696
1215140700
1215140698
66861331
1215140699
1141780587
1141780586
1208705339
184435531
1163368233
1163368232
1215131415
1215131418
1120546652
589447641
1120547804
1391055291
1120382019
1252046053
1228388281
1391055275
891983187
1205517955
688176623
51688848
1076179422
16871755
688176625
1228388286
1391055277
1136367263
208264315
1217888327
461365490
461365492
345088459
1163118425
416543189
144021184
144021185
345088442
345088436
1163118423
1163118422
345088413
345088418
824274183
1163118428
1163118429
909402341
1163118430
739677580
1171049223
1171049225
345088343
288514446
26517592
1217888344
288514447
945642287
945642285
945642288
1225477000
113101845
909409603
1171049224
1308763885
1117262056
1308763859
1117262059
1329371027
1225469487
1225469485
824274180
1329371029
1308763860
1308763853
1151193303
1225469480
1151193304
1151193305
1308763876
1308763875
824274175
1308763877
1308763864
1225476993
1240717094
1225590987
1022334975
1225568827
1240713952
1225507226
1225503257
1223115911
1222987342
645476445
749732008
1095362231
1225568826
1014084325
1222799699
1258829562
1222878498
1128465097
1222878499
1222909061
1222987341
1223115914
1222799708
1222799709
1222799712
58182817
166622533
166622530
1371269336
166622531
1208078782
166622532
1208078783
1222915527
1222911993
1206721042
1101669832
1229576376
1258979090
1258979091
1229516121
1222881713
1202220457
200143183
1004780900
889331510
1225593080
889331509
1229500942
1229576366
1229576367
1229505184
1229500943
1229576369
1258840504
1229576365
1229576358
1229499378
134564631
923145218
519703723
32838761
52029292
55087772
1172025582
1333570089
899419770
620099120
52066976
1333570091
1147863962
1088454100
1222047261
1221907141
244542846
244542847
1254192911
1254192912
1222036194
67920962
67920880
137686256
182390316
182390310
182390315
32838772
621717491
182390312
192487143
309581693
309581692
36778235
36778220
36778213
36778214
26647597
36737071
892634391
991998627
254379370
25796715
335261805
335261806
176079303
176079304
1208087105
1208087107
361102024
172133842
172133846
361102021
361102027
361102022
1088427474
1088427473
1208087083
1208087084
530765433
530765432
631569126
523282487
523282490
1020299074
417716565
477817338
621721786
631588070
710019303
138948609
710019305
165832808
1092817259
176076177
176076176
1234291508
1092817263
1342995914
1342995913
1142062846
1234291529
881013044
1142062848
701974656
881014332
1342995909
881014933
1342995910
1142062855
1234291509
1393090599
1229450883
1229450884
899092572
1229450885
1329071797
1247336651
1229450888
1229450887
1329066850
1078402826
1079405825
568511733
568511731
1079405826
1329066854
1211245587
1211245588
1211245583
1388233802
1120630827
1211245586
354248097
1229450889
1211245589
1211245584
1329187323
1388233803
1211245593
1120635505
1329066853
1393090596
1393090600
1329187322
568511730
568511729
1329066855
24920043
1218484458
1218484461
174513552
1105485523
1226615670
1226615667
1226615663
1226615662
1303146675
1303146677
1303146744
1303338633
1303338632
1303146680
1303146672
1303146760
304376127
899355680
1225192501
1225192500
1163669951
1163669952
1271167793
1271167791
1111954718
1111954719
1176887360
1176887363
1163059321
1163052848
1226952417
1226952415
1376772060
1163658673
1268361154
1163653984
1162271306
1162271300
1164108185
1163066386
1162271287
1162271309
1162271289
1162271290
1162271285
1155416637
1162271283
1155418387
1155418388
1163052847
444314513
1163064103
1127315650
1163052843
1163052844
1219461146
410646537
410646536
1114997730
272111647
987920700
1114997732
1114997734
1126461798
279125394
1126849337
185867125
1212009921
176031367
1153424883
23446499
37849939
1181093613
1155388906
1155388907
1165340518
23446496
1153420244
26489522
23446498
23446497
23446494
860058900
858161563
734241891
1194864597
1194864596
1194864599
1194864600
1116534169
1194864603
1194864601
860329289
1161709095
812944135
854964291
854964294
854964288
812944114
812944123
1178701608
1178701607
860359546
810076068
860359548
812944121
854698636
812944118
854698640
1384059743
854698637
1176538401
1176538400
814580979
814580987
1132135046
1132135047
812944119
860359553
1167728000
1087911844
1087911843
1087911842
1149742814
1149742813
1086941797
1090403254
1295259624
1256805321
916376883
1084576738
526208201
444761169
526208200
939633495
486128846
169130758
1165587632
1213917353
1080915251
381691526
466652692
1222103703
1254583605
1254583609
916529133
1080916681
1221275827
1221275826
1221275825
1080916676
1080916675
1221275828
1221275829
995922111
1254586860
1254589236
1252863389
1093740408
173128367
1192021986
1192021985
1253395247
1253395246
1253395260
1253396380
173128378
1192021983
1192021984
173128371
1086481881
715821255
153094310
1084710377
1192018963
1192018964
1192018967
673529520
1315533907
1084710378
1014284312
1155729674
1283261883
1283261859
1283261856
1283261863
1283261860
707653409
14146636
468007718
71881313
1155729659
1155729664
1155729656
112569148
1155948648
884628262
136823411
112569152
112569153
1226733670
1226733668
1033705337
1226719863
112569147
1155948649
993363782
113715836
83181637
1156038910
1156025485
1164818970
1347609359
1347609360
86499707
1347609358
1347609357
1347609363
1347609362
1347609361
1164823756
1226373371
122674974
1226718529
1226718526
1226718524
1226718530
1299796019
1226718527
1226718528
891997541
26142920
1153743773
968262043
16307526
60333310
1226750077
1226750076
1128419252
1226750079
1226750078
1226152490
1226152491
421844399
1226750081
1226750080
1181975651
1181975885
971297486
1370561434
1370561429
1226744440
1181967871
544644716
1226744441
1226202970
1036269929
1226744448
1226744446
1226204714
1226139808
242570615
1181967867
1181967866
971297483
1226204711
1133551813
59108143
1133551814
1133137232
1133137230
1226202971
180479253
1133551805
180479255
180479259
180479257
1133551821
51897621
1226740515
1226740516
672795489
1226740514
1226212309
1226740513
176869744
1128420302
1226180602
1226180601
1370529233
1370529176
1370529174
1370529178
1370529237
1370529235
1370529172
1370529170
26546902
1225150567
1226262368
939543666
1355956836
1355956834
1225150576
1084266701
1225150574
25529172
25529171
234962913
1317567615
173147678
173147677
173147143
935051864
1317458539
1317458542
1074569336
1317458543
1221351996
1221393821
1208468832
1208468831
1222914666
1091645916
25575534
1172104231
1268138669
1172104226
1091599806
1091599810
1221843910
1091600008
1221843908
1221843913
1186517266
1091599814
1186517267
1091599815
1221843915
1221843903
1137481885
1221843926
1221843904
1137513300
1221843932
1222342357
1222342363
1171104788
1225084356
1327514293
1226964536
1084227567
1226964534
1225084353
995462197
995462198
1217456795
1217456793
1217456792
1091647608
1083977825
1217456794
1217457583
1137212892
1227047225
1227047226
1084093313
992372866
1151668627
1151668618
1222578678
1164276761
1164276764
1137761290
1164276763
1164276762
1150885792
1169948325
1232526960
1232526958
1222810945
1310364576
1310364575
175884250
1310364574
1310364573
1146163143
1222810948
1222810944
1093374055
1164238797
1164238796
1164238794
1164238795
1328762792
176200141
176200143
1232526955
176200142
176200140
1328761586
1164238782
1151395998
1303656407
1303656408
185598086
1303656406
1303656405
185598087
1303656403
1303656400
1303656401
1303656398
637645133
1303656399
1150954612
1395685342
1395685343
938273440
1222696617
1222696618
1222696620
1230030150
1170525601
1314156980
1314156979
171948736
171948735
171948737
171948738
1093366209
1035909480
185601496
185601498
1217316090
171953371
1249435492
1249435493
1248831357
121839457
159476396
1248831358
1248831359
1248831360
920642347
1093530366
1249610275
1217295409
1093530374
1249610277
1249610276
920642346
1203392090
1093530368
1151905305
920642345
1203392085
57882794
185601492
185601494
1217295412
966978896
1164848350
4788438
185752076
156972282
177290457
404379112
177290407
884613620
177290462
1097160400
626336929
318859197
998958412
171957001
998958411
998792835
1061700341
318859194
1061700403
344145937
344145936
884613615
1058510804
603082279
57046841
24217052
288099117
1147591716
1147594871
1147627979
1147609811
1147594872
923070353
141580011
1372135852
44685414
406629079
1147589334
406629094
1134538516
876435457
35069354
177082244
693947260
188099499
1097201451
984152372
194079190
260567435
686269719
467753976
686269720
1073236042
1125321179
6194791
107286429
908299430
1147689419
1209300398
1147689420
1209300399
1147612121
866011333
870463042
1150157651
915561605
1097515191
1391808838
1080905473
1391808839
1391808837
363326057
173043369
1201413130
262676492
673529516
1088543219
673529515
891173211
173060447
915561604
915561606
503224283
113405316
20425703
1223947798
1223947799
897947936
1223948371
600391051
1295262250
1087946376
1223948370
898539052
600785153
600785151
898544321
1087955696
894099102
904637003
906043105
906043106
904120958
1294625066
1294625069
28186733
173065714
1087232215
673529518
28698198
1226786704
673529517
600785154
173060439
600785152
173060441
536396610
1249907136
1249907137
889983508
1255391978
1255391974
1255391976
1087927286
1208438783
1208438782
1255391973
1087144825
1104356818
906252709
1208438778
1208438777
1255973729
1007350319
870445675
1104356821
1255973718
1256517410
1256517419
870445665
1255738367
1255738368
1089609230
1255738353
1255738351
1089609227
895625077
1089640151
1125145643
891472286
891460550
1125903216
1125903218
1147602891
1073167018
895625091
895625092
891460563
1208449912
173274506
173274491
891460566
891460565
968090552
1089640171
1089609173
1089609174
905663946
1083705174
1089609175
173274495
173274489
412127553
1208449483
1208449482
1208449481
173274498
1208449476
1208449475
1208449474
173274485
1208449473
1097263696
1097270153
173274496
1208449471
173274488
173274503
1208449467
324745286
1309327438
905663928
1309327445
1309327444
905663933
1208447289
1208447290
1208447291
173274486
173274490
233949503
432343094
432343087
233949497
233949501
432343089
233949504
1208447288
905663932
1208447298
1208447297
1208447296
1249443865
1249443866
1093530378
121839455
171967876
1249439186
1093530365
998334093
1093530376
1249435483
1249443859
1093530359
1093530360
1093530361
1093530358
1093530362
175592611
938100325
175592606
1087629096
1087625130
518765038
518765039
518765037
890560758
976510970
1089678204
351941105
1089678206
1089678205
1090919990
30311330
1090919992
10272349
890560766
1196727708
868764057
1196727707
614862929
380981950
1083697338
1083697334
953844849
1208444852
1208444854
219098513
1208444851
1208444850
1208444857
173179104
906982419
1156057152
890908660
1262327872
1262327873
906982429
890911542
1254582692
890657287
1192115004
1192115003
1192115002
1192115005
892200769
1087648706
1192114991
1192114992
892200773
1087648705
1192114989
1192114990
1192115008
617339690
6085274
1316143905
1262174466
1224626585
1224626588
1224626587
657072367
1192113914
1224626580
1224626577
868699623
1224622298
1192113913
901435710
1088033159
175594903
1194224049
1194224047
1194224046
1194224050
491623138
1192052940
422927460
1088656810
1207436156
1207436145
657070003
657070004
1207436151
1207436152
1207436146
1207436149
1156850483
890915244
1049799593
1208730585
894522499
895194715
1192116638
86412362
758746244
758746245
168486401
1192123906
1091664860
1091664859
1091664862
1091664861
964822722
899411157
899411156
1088330740
1209044570
684872880
1209044569
1207988641
1117354654
894099101
999753857
1088355376
1207988634
1207988635
999753855
1117354896
944759044
865716504
1088355375
1195559773
944759038
951494157
1195559780
1195559778
1207978958
965959900
865267588
1208137555
195327060
1208137554
999978147
1234571489
1234572680
1234571487
1234571490
1234571499
1234571495
1234571491
1234571492
1082446521
895157356
895157352
1217938989
1218064769
526695477
1217938987
128974003
542288376
130186963
733309400
130186937
1218064771
1133771079
1218064770
1218066801
1218086189
1307441771
1218064775
1218064779
1218155180
1218064776
1218155178
1143988386
1218064781
1218064780
1218155179
1218064778
1218155186
1218155187
1218155182
1218155198
1218155188
1218155199
1218155191
1218155197
1218155195
1218155190
1218155196
1218155194
1218205510
1218155193
1218205509
975267465
1311960474
887544248
1021471032
682043331
8655276
682043330
9829824
975267502
1256803132
1256803134
11025901
1087447548
868347101
942805698
982387175
1256803136
1256803135
1208123388
1208123384
942773784
1225297120
1208123382
942773785
1087466607
1119163421
1087466616
30824188
10272339
942631757
897835348
1087466619
26623553
9828505
193572062
409325982
409325985
179536817
1236053795
179536816
9828842
179536821
179536815
179536819
1120085535
179536820
179540400
179540401
179540395
179540399
179540397
179540396
404887150
404887151
179536258
179536257
1262314894
1262314895
1093323855
936820468
179541096
179541095
1311577720
1311577721
1207708664
176050302
918373503
175857449
175857451
1126032154
1304576160
23177391
1158101418
985468025
1113075768
373664971
437736312
430955148
1079219233
28299718
1304111194
1136174780
1127481143
1304114659
1222392402
1097681611
1304117282
1304118138
390232834
236544372
391866696
236544368
390232832
288200098
236544365
317769287
236544367
317769273
236544352
1258822625
1258822626
1258822630
1258822619
1258827218
1221221759
474217431
562228035
1222877697
1222993261
1222993260
1223118291
1221232223
56950512
87286078
391759627
1157998383
1157998384
391759632
1157998398
1157998399
288200097
974667879
56950742
974667880
97133110
1378929778
713725661
1378929777
1378929772
172348175
172348172
288200099
1157756135
83519784
83519788
83520486
1157748911
1157748912
172348176
1157748914
1157748913
974667878
1136179973
1157756149
1157756150
974667874
993824358
172348179
172348171
1164122865
1164122866
993824354
1125158293
1124389043
1125158294
1221221747
1125158292
1125158297
1125158295
1125158296
1222462813
1222462805
1311466771
1311466770
1311435137
1311435134
1311435128
1311435126
1222462822
1311466769
1311466768
1125161795
998493054
1123960977
998493053
1091927504
1222194525
1222194522
1221221745
1222194523
1222191616
1222390213
1222390212
1222194524
1222390210
1222390211
289757884
1091927503
1226790587
1222390224
1222390218
1222390219
1222390220
1222390223
25860911
245467070
935236472
1313014378
1313018626
1313018630
1313018625
1123615015
1123805939
175482140
1221746107
1221746111
15244418
1123805941
1231691088
943420697
1231691087
943420710
1231691092
1094689665
1313450143
1313443539
1221810756
1313447908
1313447904
1220686782
1221810757
1313446577
1094689672
1095092605
106874340
1241376688
367700985
1241376689
367700984
520572975
1231691075
1036264320
1232265671
1232265677
1306876688
1224960550
1306876684
1307025578
1081408593
971617318
971617317
1081408595
1135341474
1182435436
971617316
1231754156
1231691079
1231639304
1231639306
1231750618
1231691094
1231691090
1392405357
1392405354
1392405355
1303660842
1303660839
1303660841
1303855172
1094724395
1303660843
1303660844
1303855173
1303855174
1303854497
1222394906
1303660840
1182092011
1182092012
1222394905
1222394907
137661708
1182092005
1182092006
1182092007
137661709
374258873
48174340
374258872
1392405374
1392405375
1392405358
1392405359
1392405373
1392405372
1392405369
1392405360
1392405371
1392405370
1392405368
1392405367
1392405366
1392405363
1392405364
1392405362
1392405365
1392405361
1171104787
1222342356
1222079355
1222079358
1222079351
1222079350
1222079348
1222079345
1222079344
1173106816
1222079341
1173106814
1135472446
746196205
1222075926
1222075932
1222075933
1222075948
1222075937
1152360336
126558298
1222075930
1226792715
1226792711
672580017
1226792712
1226792710
1208468842
354851974
354851976
354851959
62061242
848041491
354851990
1202236949
129490497
108149694
1094721511
1226792754
992606417
1226792753
465589087
465589084
465589085
74189940
1226792758
1226792757
1226792756
74189943
465589086
37043490
1221247210
1221247212
457031218
26298675
1226792762
1226792761
1151014243
1074335590
564787497
1074335585
1318501003
49858201
49858202
1318501002
631642701
1074335586
631642696
631642699
1332174622
631860692
1066871357
1318505914
1066820321
1172706973
1066820320
1066820319
1172706974
1066820316
1066820318
1066820317
1066820315
1066820332
1066483337
1066483335
1066820331
1066483315
1212764940
1212764939
1066918094
1066918092
771348050
771348049
771348051
1222967903
187956870
1222967884
1222967885
775001735
1222967883
1222967887
1222967905
1222967873
1222967880
1066956273
1066956308
1066956304
1066956305
1066956303
1066956297
1066956302
1066956299
1066956310
922800985
1074521570
52916128
1368306584
4615460
340606544
1066956330
340606585
1066956326
1066964800
1066956289
1066956287
1066918096
1212510715
1066918140
1212510700
1212510699
1212510698
1212510714
1212510701
1212510702
1212510717
830724710
830724709
830724721
830724725
830724742
902559019
830724741
147646844
803025471
295548367
295548353
1222930276
1222930273
1343427020
1343427024
1343427021
1266271168
1222930319
23426547
1222931224
1098384851
175499832
1182094434
328255951
1182094432
1182094433
998297299
175499835
1182094429
1098372180
175499829
175499831
175499830
1098372179
1182094430
1095312887
1012584677
42989973
869018130
869018129
991125970
28302743
175479650
175479648
175479646
1182092549
1098384846
1182092550
571258898
1229840190
175479647
1101506169
1311436881
1222458609
1311436876
1311436882
1303857438
1311435120
1311435123
1311435125
1311435119
1311435129
1311435131
1222458617
1311435136
1311435130
1222407363
1222415230
1311435127
1311435133
1222395675
1311435121
1222458605
1311436877
1311436879
1101506168
1311436878
1103481735
1311435124
1311436875
1222415233
127621252
54452431
54452426
127621249
54452415
54452412
1002247295
1002247298
1002247297
1223395787
1133631124
1133631123
1358007150
1358007147
295548349
295548365
295548356
1163721788
24607410
96917977
128981900
90993869
25938752
1352117878
295548361
280432536
280432537
1163721786
334070748
1133678834
280432561
1163731000
1223395784
1138637426
1343506914
893551472
1138637430
1343506913
1343506919
1343506920
893551473
1138637428
83604029
485874933
1132775567
1343506926
83604027
1223369137
1223386891
1223386890
1223366750
1225426002
1225443349
1390928067
1390928083
230147491
1163050407
230147497
1163055509
171197668
1163055516
230147495
383776482
1163055508
1268449753
1163055535
1163055536
230147494
1163055532
25162961
1225376728
1373500202
1225376725
1225369711
1217888318
1217888315
199360468
1217888316
1121097155
1217888312
345088465
1217888313
1217888314
199360471
1217888311
1217888319
1359033325
1121097142
1359033319
1359033321
1357528820
1225369713
1163731770
474021850
1163731771
1100718213
1357528803
1163731767
1163731768
1100718211
295548363
893552215
1163714733
1163714734
893552214
893553710
1163714736
1163714735
1163714745
1163714746
1058185261
1163690026
1163690016
1144645739
1225587002
1144640710
603206254
1154421090
1154421091
1144640713
1144640712
969470995
1178316539
1178316538
517920424
547839957
1382856604
25087139
380085545
463277068
380085538
1225715041
378955779
378955791
378955784
378955782
378955764
1180971905
1180971904
537411611
334070761
380088240
82652404
1180971911
1180971910
1156831378
1180971902
1180971903
645592159
1156831373
1156831374
1156831379
82652412
380088234
1155666182
378955785
463277067
378955794
1265918154
1047147094
1299438876
737035726
328426266
339201229
1299440710
344595601
384294426
384294430
202817675
1228674290
1156219875
518236736
43204378
1228682021
328426260
339201235
1228667643
339201234
328426264
1228652568
339201231
328426262
384294424
518302750
319240503
1301027762
1301027759
1012530302
1190786412
884209961
1190786410
1190786409
1251943256
1251943254
1227985264
1251943258
1251943257
1227985256
1227985257
1208642780
1149850147
1149850149
281621236
1055530385
977782934
977782937
303084357
303084353
823315831
518201408
465626394
1395546411
1395546415
465637623
199847288
199847271
1073015942
143385452
199847257
199847262
1072685604
199847274
346240659
303084354
199847276
199847285
1072685601
1349524168
1349524183
1349524186
1228446780
303084356
1228768564
1228768565
1081678920
1228768544
1228768551
1343486316
1228455853
541320662
541320657
1169204820
1169204823
1169204818
1169204833
1169204834
1169204829
1169204814
1152979771
541320655
317859982
1169204817
1169204819
1169204832
231716555
416174754
317859977
1152979770
1152979766
1037138983
1171464776
1152979769
1171464775
373292157
1152979767
373292148
1152979768
1152979765
882389496
882389495
881245039
881245040
915958586
915958585
882389490
1410138699
883691540
882389491
882389492
1228768554
1228768542
1228772475
1228772476
1228772474
1228772473
1410138700
1124928840
915958616
915958617
881611351
882389500
881611350
882389498
882389482
882389481
882389480
881245042
881245041
915958595
882389499
882389489
882389487
915958620
882389488
882389485
882389484
881245043
882389483
882389486
881245044
915958618
915958619
1124918892
1158551346
1158551347
1349524163
465637609
1395546416
1395546413
1395546414
389101377
389101381
1067893100
518205987
1395546421
1234568399
1234568398
1234566602
1234566588
1234566600
1183633043
1159462967
1215085514
803471190
1124918891
171423002
1158551348
1158551345
1171464768
1217720442
1072225300
1072032623
1087301108
690327002
465376250
1087301101
1283519829
1283519828
1184308675
1078998329
504171784
442577418
1071191445
1071191444
1069997457
1217926264
1069677818
1069677819
1069682285
1069997456
1069997461
165415461
461165665
461165666
461165667
1197828482
1197828481
398956073
241324596
1158581414
465398530
1222915690
1222915687
339201248
1217612089
1069997460
1085398476
1071076151
1071076149
380365964
1071076176
1126613719
1071076165
1071076148
1071076164
1071076162
1071007435
1071007433
1070995457
1071007436
1071007437
1071114544
1071114545
1071049524
1079045025
1071114543
1071210927
1071114542
1079045035
1079045034
380365958
1071007438
380365955
1071210931
380365960
1209363615
1128300258
1128393202
1225719336
1226763981
1212138769
1212138768
1212138766
1212138770
603204007
1212138764
473149642
1215087310
1215087307
1215087305
1055731559
1212793349
24540240
881301594
882671342
881301603
882671341
606078068
1212793350
882671344
882671343
1212782007
43270574
483624528
483624527
377634148
199426768
301241480
890972128
1306330468
1306330469
1113758933
1225715040
1113758934
1225715042
473081308
1409444856
1066483295
1047812862
1066483296
288218242
1215072966
1215072967
1119390142
1064910958
896703366
1119390143
1064910959
369223476
1065719615
38424827
1215075784
184711985
1066874325
1215075785
189060957
38667622
1066874346
1066874339
1342083176
1097472283
1299716099
1215075800
1065939398
1121505027
1071007441
1070995456
1071076142
1071076158
1070658290
1169935331
1071076155
1071076156
1071007475
1071076157
1215075794
1065297598
1065297595
1064910946
1064859678
1064952684
1067092846
1065297607
1064859679
1064859675
38424830
1254737002
38424829
369223478
38424828
1066483299
1065719640
1065719638
1212764942
1212764943
173188979
173188978
1065914401
1065914420
1065719626
1065719627
1065719628
1065719635
1065914432
1065914434
1322352012
1322352013
1322366127
1322366128
1322366129
1322352011
1322352010
380981372
380981364
380981365
380981366
1211094579
380981369
380981371
380981367
1211094578
1066871348
1066668401
1066820314
631642694
631642693
339201245
1066871372
1066871345
1066483332
1066820311
1066856985
553990703
1066820306
1119250659
553990702
1212622963
1212622962
1212622964
1212622965
553990704
553990705
554331711
1332521063
1138190264
1212626729
1067105217
1084402011
1149649028
1065668316
1064859658
1064859659
1219565627
970610303
1032726463
1170407907
963165526
1065668321
1162828205
1162828203
365734855
962543791
1075571334
539369562
539171021
365734868
365734840
365734818
1075571344
365734848
365734811
539171022
820274011
669690511
497692184
497692182
669690510
708480520
1159124635
1084402000
553114424
915357437
1084402017
1084402019
1084495499
1075571351
1198124306
1096877398
365734838
1075571348
1242563835
365734836
1084495505
1084495503
1242563833
1084495495
1170991409
590593443
1170991410
59255061
590593446
1079094325
1079094323
671157963
1096877399
539171018
365734823
1066883728
1067283659
1066704014
365734834
539171017
365734859
365734861
1066704010
1067283650
1066883729
1070658287
1070658283
1219532911
1067958319
1069997444
1069997446
1069997455
1068129633
1303358036
1303358038
1068129635
378664942
378664948
517873056
1079064456
378664945
378664940
378664941
1303358041
1303358037
1215065083
1215065084
454881063
370450883
1069677809
1068129619
461161512
461161515
1078998306
291686437
625200895
625200896
1078998313
1078998321
37995743
1302566131
1302566130
1302054295
1302054288
431664612
1302054287
185775488
1097926626
279478958
185634953
1225804038
1355680085
1265485407
1078988931
1089895798
1016959036
1010731429
1108395346
237716417
50276534
755638724
51805402
33913102
1009980157
1265485410
1302054306
431664625
1302054301
1162273962
1302054307
1302054300
1069301059
1336491829
1039765906
1082554468
1039765909
33885186
1212122512
1212122511
1080985512
1136334120
1136334121
1255618354
945966257
53168790
1079833229
1185044763
387370677
1079833220
1079277371
520229617
387370676
52960870
1079833221
1079833223
1079833225
1181033398
1181033397
522436704
52960873
520229621
52960872
1181033396
1181033395
1082586917
1079224718
1080985478
1080985479
1301352550
1186468142
1080985498
1079833236
242650419
242650418
242650423
1220300883
1220300882
1220300891
1188368273
1220300894
1220300886
1220300887
374621846
242650425
1220300895
242650421
1352410775
1220300890
1080985488
374621847
242650417
1080985481
1041423697
242650422
520220511
1079224704
1079224708
524413614
396530973
396530975
437780960
437780970
437780965
242094104
1082452561
1180744173
1180744170
136086606
1180744172
1180744180
1180744181
373857296
1180744178
373857295
374098770
1180744179
374098779
1180744174
1311966213
1311962699
373862279
1241181710
1030507365
465379924
242094108
437780961
1241181709
242094120
242650424
309901369
1199247598
1262290184
97094930
1262290183
1082472125
1089767499
1212122513
1203115053
1082472127
1082472129
1082472128
1212129550
1082472132
1082472138
1082472141
1082525638
1192601760
1082525637
1212130425
1082034657
1082034656
385316262
385316263
1082034654
1212130428
1212130429
374098785
1212130424
5134289
417383527
383545267
383545266
536506435
106288141
1384761555
1082487954
1411977545
1082487950
1384761556
1082525605
5134290
1082525604
1082487932
198678685
198678684
172399080
172399082
172399079
172399083
1082487875
1082487874
1082042630
1082042266
1212129528
1212129523
411728565
1084051739
1084051744
1084051758
1084051754
4707815
55071876
4707819
1082554484
531442562
1124346141
1040932408
1082554479
1250738800
1083323111
1083269635
1083269642
1083009048
1083009050
1392961223
1083323059
1083009042
1158947421
380162928
1149227486
1149227484
1165357793
1147679292
1165357803
1165357804
626859104
626859108
1157683663
1165357795
1165357796
626859110
1157683653
1165357799
1165357798
1165357792
626859112
1165357789
1165357790
1078317470
1082548925
1082548924
1082723154
1073915747
1391420020
534233832
533633846
342078871
1199965468
1199965469
901165868
342078879
1199965471
1124400938
1124400936
1199965472
534233833
1150435899
533631767
533633844
533633223
901165862
533631768
533631770
534233834
533631771
901165866
537915115
534237596
534237595
534237594
533633845
1104089336
268901432
541322812
541322813
541322814
539901692
1085389189
1081705895
1085389182
1085389187
259108904
1213266958
1180193269
259108903
258646696
1408725399
532646375
342085686
623465365
1408726734
328819798
1212771800
1208439465
1168365066
1078317467
1168365061
1168365062
1078317465
1078317466
1168365065
1168356662
1184048374
1184048376
1184048377
1078981964
1063099346
1078981965
1063099348
1082718979
1082718983
1311132019
1311132025
1311132016
1311132015
1202986231
1202986232
417687108
157606022
1200620670
1295663393
1295663394
1295663395
1295663397
1295663396
222060936
1184278678
1184278684
433247828
687322550
460963734
460963735
384210255
384210253
460963730
460963731
198895541
460963740
1184292940
1037879477
1184292939
460963739
1184292938
957219963
1184292947
1184292944
1184292946
1037879476
1184292943
35739609
1160765670
1087036419
1087036422
1087036423
1081198900
1090247395
1090247396
1111718433
1111718432
1224548493
1152697762
1152697765
37065568
273805101
1128036905
1184281381
407270421
407270423
407270448
407270399
407270381
407270383
1184281379
1168756167
198720299
538207174
1168756166
538207173
198735465
15405394
680418339
273805086
1096340106
198734080
198734081
198734084
198734083
50071662
625127254
625127255
1127988519
1279992435
1279992442
1279992436
1279992437
35742250
1412548264
1126200760
1412548265
262120530
963861607
262120529
868813901
273805091
273805080
273805097
273805104
1224548491
1280382953
1280382956
1155227491
1090247402
870683682
909333700
1412548263
1412548262
1412548266
1412548261
1126200749
1126200758
476410247
342098503
222060940
222060942
36876384
1183033034
1081591311
36876386
223265580
1081591312
505117904
36876383
1258660768
505117905
181582426
1156122805
1156122806
616036040
1094666587
616036041
1156122799
1156122798
1156122803
625127547
1155911774
1241470198
1155911776
1155911777
72283641
1165408355
668036844
38345682
894814137
376992756
1164201270
1155911775
1164201271
1152491658
1152491657
38345709
894814133
24240306
894814134
1152491664
1152491663
894814135
1165408354
373292151
237221896
416174750
416174752
237221880
38211707
1152979772
476928754
237221877
519273960
476928756
915958609
237221887
237221891
373292153
373292154
237221902
416174753
416174749
1343486305
1343486306
231716565
1228457295
327937652
376995433
1155910062
1155910063
376995431
1253429076
1228461245
1253439568
1165401709
1165401710
1155640501
1155640502
985442202
1165401708
1311664009
1165401707
1165401706
987754217
464904344
464904239
464904240
237726965
464904301
464904288
1155910089
237250959
464904293
464904302
464904278
464904294
464904282
464904283
464904277
237250955
464904290
237250962
1228463214
464904335
464904336
464904262
464904261
464904260
464904299
464904286
237377643
464904297
464904264
1155910091
1155910090
237727003
237726984
464904238
462764497
1155640523
1155640522
909825434
241621822
1155641657
1155641656
462764499
241621823
241621819
464904330
464904313
464904312
464904314
1155641662
1155641663
462764500
462764501
464904342
464904209
464904212
464904213
909825430
464904210
464904352
237751566
1094516015
463841066
1211971996
976686154
464904350
1165401712
1252163548
719457574
1252163549
1252362532
1252362529
1371994216
378130459
1371994211
1371994208
186885714
27250281
186885713
1150435893
1085555616
720356200
1101548627
1085555615
1104049566
1101548631
22792468
1373747513
60082470
1373747515
60082466
1250740939
1250740945
1174978684
465740580
1149115476
1149115475
420802801
1047621961
420802797
420802798
465740581
420802806
1156796379
1392408729
1163477085
1163477086
1102308803
1163477081
1392408739
628057422
989774946
1163475256
1163475255
1091672159
1163475252
1163475251
1182641178
1182641177
1182641176
1163475244
1091672158
1091711453
543090192
378263827
1392408737
378263832
1392408735
378263835
1392408736
378263821
1251098248
1082898708
22792467
58177954
270674564
549310787
22792470
22792464
22792465
10058081
607982158
118603626
544626660
1156461187
1252001975
1252001974
1156461181
1156461182
533668752
1268129678
1156461186
544626659
355800318
529791046
1082719013
1390739774
1390739775
1082719017
1390739773
1295479223
1147689411
1295457659
1217780627
1147689412
628428056
1295457661
1082719020
1338586179
1338586178
1338586180
1338586183
1338586182
1338586172
1338586173
1338586181
1213730130
1213730131
572528360
1338586171
1175274789
1087055267
1087055269
1091711446
1091711448
569668358
1088235244
1392202191
1087936809
1114856889
1121684825
1081706691
1087668969
1201026336
1207270742
1087669010
516635753
1197785934
1392196848
1392196864
1392202221
1392202220
1254274184
1095869694
1095869689
1087981522
1392202219
1392202218
1392202216
1392202217
1087981531
505312243
449012953
1092203270
1092545788
1391004268
1391004267
72660557
610851195
1172748722
508980688
1172748712
1172748711
1172748721
1091799270
1091799269
1091799268
505312229
1091799260
1091799258
1091799259
1091799257
1392202190
1091799249
1392202210
1173143001
1173143002
1087981538
1088235235
1392202189
1392202188
1391008264
464762804
464762805
386702827
386702824
1091799275
1172757809
1172758637
1091799253
464762807
464762802
1172757811
1172757810
1091799254
386702826
386702819
1091799276
1391389586
1172757808
1093960007
1093960004
1191710140
1093959996
1093937741
1094982040
1192469378
1095597078
1094982043
1093937766
1093937756
1093937754
1192468029
1192468030
1093937751
618446538
1192468034
1192468035
1093937761
618446539
744198405
744198408
1096357580
1096357572
463682923
508980698
508980695
508980697
989839022
1092545791
1092954632
1092954636
1092954639
1092726289
1092954527
1391002057
1391002058
1092954525
1391002061
1391002060
1319006533
1319006531
907632306
1319006532
1391002059
1319006534
1391002071
1319011138
1319011139
1092954514
1391002070
1092954526
1319011140
1319006529
1391002062
1092726298
1092954627
1308904530
1040106399
1215866717
1215866716
1392900524
1392900531
1215866714
1215866715
907632309
1392900530
1321431576
1185918790
1392900532
1392900527
1321431577
1185918799
1321431579
1321431578
1392900525
1392900526
1185918795
1392900529
1365415120
1392900522
1089671465
1392900528
1392900523
1393004814
375892514
375892516
1192426356
975894718
838573080
1192426361
1192426360
1192426357
1192426355
1192377825
454903054
375887594
454903055
508948383
375887598
375887596
454903053
375887595
508948373
973919634
1192377829
1200482550
528129777
1200482549
997900524
1304066805
1304066807
1304066803
1304066809
1304066808
1304066802
1365543171
1365543168
1365543174
1365543163
1365409329
1365409330
1365415118
541191227
1365382752
1365382757
1365382755
1306257619
1392900510
1365409369
1081875678
1392900508
978609676
706790675
1392900509
1392900511
1392900512
1365409400
1392900514
1365498651
1392900515
1365498635
1365498633
1392900516
1392900513
1306257614
1392900521
1365496651
1392900520
1365496650
1392900519
1392900518
1365496695
1365496694
1392900517
1215870053
1318884122
1125915258
1318884123
1318880873
557071241
1321414623
1318877565
1319230302
1319230306
1092954559
1319230303
1392196853
1092726309
1392196854
1319230307
1092954538
1092954536
1319230305
1319230304
1319230301
1392196859
1392196847
1392196857
1392196858
1392196856
1392949031
1392949029
1192334685
610250434
1192334682
1192334683
610250435
1340167240
1340167247
1340167248
9778542
28259363
23722556
1216354625
1216354626
1254276650
43328487
1392949019
971524093
1392949018
1167923144
721735583
1392949022
508112393
1392949023
670055557
670055556
1392949024
1392949004
670055558
508112394
1392949005
1392949006
670055559
893909548
910465353
1392949021
1392949020
1167925692
1151021829
1152862546
1109616412
1109616413
1171330610
1109616423
1109616419
1109616418
1171330609
1109616424
367600622
1175236646
1355822825
759409598
1071010463
505001183
360360159
360360158
875469105
44372579
505001182
103453538
838509361
505001181
875469085
27719384
1084910270
1084910272
1084910271
1084910269
4763491
1084910267
1098252805
1084051764
1084051767
1084051772
1084051798
1084051793
1084051786
1323283749
1083569711
1082162001
1083569717
1083569732
1212122488
1212122489
1083569733
470539487
1212122483
1212122481
1083569731
1084051756
881447994
1212122491
1212122492
448298614
1229546649
1229282422
1229267605
1229267599
1229267600
1229264921
1229264930
1229264924
1229264913
1229264916
1229264914
1229264912
1229265351
1229264926
1229267604
1229282419
1229264917
1229264918
1013424833
8045484
28263598
748647434
44277781
1205031886
1205031884
1205037177
1205037181
1205037182
1254887810
1226661041
1314058697
1314058695
1226661049
1314058690
1314058696
48470443
1114862788
1357880245
1357880242
603589126
1357879180
1338288353
1357879181
1114862791
1391160880
1226692873
1391160881
1157057210
1157057212
1157057217
1157057216
1357880243
1357877577
603591620
603591623
1357877576
603591613
1357877579
1156570814
1156790159
1156570802
1151598340
1155731781
1094455611
1094455609
1094455610
1168072296
1052421228
1168072295
1052422200
1052421225
1052422198
1052422197
1052422195
1055404918
1152675237
1155749392
1155749393
1156570821
1151525695
148631931
586650491
129621725
109504849
1061504331
23994725
197686701
160130966
1063692247
511126838
511126840
511126837
44277777
56641193
1312689863
1228974259
1312689365
28225618
1036448612
1138270375
1138270383
1285756888
1285756889
617354892
1391337315
1138270372
1138267042
1138267047
1197962227
1138267053
1197962228
949284662
331454315
1197962229
1231006352
1197960450
1131780662
1197960449
1131780661
1361924943
1361924919
1408439592
1361924934
1361924935
28000904
1201405886
949284660
1177650832
949284661
949284659
944532387
1205720806
1391337328
1391337309
1205720809
1391337303
1391337305
1391337306
1391337310
1391337304
1391337308
1205720819
1391337329
944532388
944532386
1205720800
1205720813
1391337326
1205720803
1391337327
1305010461
1305010466
1391337324
1391337322
1305010462
1305010464
1305010465
1305010788
1305003494
1305003505
1305003504
1361924902
1311033804
1311033803
1311033802
1305003496
1311033800
1360165161
1311044402
617349954
1311033798
1361924874
617347164
1360165167
1361924870
617347165
1361924872
1360165170
1360165165
1287013416
1287013417
1287013415
1287013412
1287013411
1287011471
1286801890
1286799558
1285558737
1286799561
1285558739
1286801891
1287013413
1287011473
1287013414
1287013418
1286203975
1286203974
1286203970
1286588380
1286588376
944532390
1286203972
1286203963
1286203964
1286203965
1286588381
1285755011
1286588382
1286588378
1285755010
1286588372
1286588375
1285558986
1285755017
1285755015
1285755016
1285755012
1285558988
1286588379
1285755013
1285755014
1286799560
1286799559
1286799563
1286203971
1286203969
1286203976
1286203973
1286588377
1286203966
1286203967
1286203968
498502427
1285756882
1285756883
1391337311
1285756885
1285756886
1391337313
1285756879
1391337314
1391337312
617354898
1285756880
957024646
964534169
1286203959
964534170
964534172
957024647
957024649
1138270380
1296886342
1297407190
1296826864
6620643
1309221048
206802934
229321135
1361549969
1265091911
1265091906
1265091920
1265091918
1265091912
1265091917
1265091909
1265091916
1156908110
1156908108
1265091926
1156908101
1156908104
1098760759
1156808532
1155630091
1265095876
1265095875
1157057198
1175516777
1391347008
1265285408
1265285409
605141254
1265285411
605141251
1265285412
1265285406
1265285407
605141252
1265285403
1265285402
605141253
1157057202
1156808525
1039453593
1098754861
1156919937
9587166
549879911
1360339270
1287984877
1289313252
1289313251
1287984865
1138039791
1289315171
1289315170
1289315172
1287984866
1289315173
1289314571
1289315177
1289313253
1289313250
1289849891
1289313254
1289849890
1289849889
1289847639
1289847638
1289847637
1289847635
1290086745
1293825697
1293825698
1293825696
605445441
1289836930
605445440
1289829954
1289829955
1289836935
605445439
1289829950
1289829952
975825499
1289836933
1293408087
1289638862
1293408088
1289638865
1289638867
1289836932
1289638866
1289836931
1290087146
1290087147
1152406238
1290088485
1290088484
1289837983
1289837985
1289837980
1289837981
1289837984
1289837982
33969913
61694349
28913367
24235746
1230083348
1230083342
1230097487
1230097484
1230083366
1230097486
1230083338
1230083314
1230083312
1229751555
1229761419
1229761414
1229761488
1229751562
34605813
1369013212
1116522129
1116522127
1059853009
5117302
1180033776
1095395140
42989097
42989424
42989423
1338285030
1338285028
1338285037
302080214
1059637286
1059637283
1059637266
1116522137
1116522136
1228394354
1228394306
1204424048
1116277468
687448326
1041635307
1095395138
29979700
1116277461
386161763
549879903
549879904
549879905
549879912
1391160892
1391160882
1391160891
1226692880
1391160883
605147162
605147159
1226954926
1226954925
41535060
33533120
1226954903
1226954905
1226954904
1226417840
1226417844
598160937
1226417851
1226417843
342159198
171461684
1359350127
598113452
596986467
1225742418
1359348844
339957463
171461678
171461671
5117261
1358318619
1358318622
171461683
342159206
171461682
961847151
1204842682
377994694
1204842681
1107681791
1204842686
1204842685
1089342426
959944010
959944011
596976348
596976352
398497899
342159200
1089342376
962126400
962126401
598085996
175538048
48390356
175538047
175538045
1180515160
1180515159
1180515158
959948589
241884344
1348669534
1082623816
241884341
1226790611
1226790613
1226790609
1226899969
1226790620
1226790617
107403170
1312328922
1312328923
1312328926
434881854
1212132563
936405113
946625049
1082033594
1081249781
375861858
1212136178
1212136177
1081249785
1101720614
1101720613
1263257110
1101720603
1101720604
1101720605
1263189505
1153426982
1101530638
1263065416
1263065414
1226920193
1226395339
1226920188
1226920191
1226395346
1263065418
1263065413
1101720678
1101720676
1226920183
1101720577
1101720578
1312448669
1101720628
1101720627
1101720626
1101720633
1312448667
1312448666
1312448665
1107078977
1312318885
1312316298
1312316297
1107077189
434881852
1101530724
1101530727
5117268
1151613526
1151613527
1228394298
1227849521
1228394297
1228394296
1227849519
1227849523
1228394294
1228394288
1082651859
1101530642
1082651858
1101530653
1101530657
1101530658
1374669659
1082651824
1095446561
10750015
1203888675
1203888669
1203888670
1080945910
242601203
242601222
766705564
766705577
766705576
766705567
766705579
766705569
766705580
766705578
766705571
1080959480
243544510
1080959477
1080959475
223394723
1170993590
1170993597
1170993596
1080959470
1170993595
1170993594
1080959472
1170993589
1080959493
1080959486
1080945902
1080945903
1197614188
1197614189
1080945946
1073968528
1135640203
1311172571
1311172566
1138598258
24544476
24546579
553079950
553079949
24546580
553079951
1149645488
1149645487
574278539
1226781425
1226781426
1226781431
1226781423
1192184391
1192184390
1192184389
267665296
1226781429
1226781430
1151258073
195016124
1136781751
176273733
504237799
504237797
963078066
571028686
571028687
571028684
553133139
31867431
570782508
169231598
1073968516
553985747
553569626
1337193104
1290700870
1337193106
1337193107
553990699
553990700
553990701
375386245
375386240
554039185
465412569
553137252
375386253
1240609277
1240609283
1119250662
1240609282
1240609278
1240609289
1074289406
631637590
631641086
631641087
631637592
631641088
386347083
265832940
265832926
265832939
265832933
265832932
1212398578
172256653
172256654
172256655
172256656
265832929
265832938
265832935
265832937
1147469288
206379083
206379082
41311888
41311890
41311889
41311886
808643442
1083969535
1131129883
1195251506
1192762864
1192762860
1018884649
1018942844
1130864858
1228193718
172256658
172250674
1226066793
1226066789
527299848
506336177
172250675
1228222319
1228222318
1228309533
25836254
41982470
1228222297
1228222294
1228309532
331866650
1228222286
1228384694
1228222283
1228222316
1228259405
1228259403
1228259418
1228259412
1228259407
1131128401
1131128398
1170407986
1212381641
1170400347
1212381642
1212381643
180595489
1188703793
1153783415
1131123096
1131123097
1130867772
1197497989
200199681
1212381639
1188703788
1188703795
1188703790
572454215
1195050008
1188703791
1188703789
491125102
491125103
1018884650
1130864857
1130864860
1149636918
1149636919
57953162
54730867
54730869
23984495
1225996199
1149635597
1101564580
1229534158
1229534165
1229534161
1229534112
1229534113
1229761421
1229761423
1229534097
1229155215
1229155204
1229155206
1229155200
1229155197
1229155165
1229155167
1229155166
1229155113
1229155111
1229155112
1234639641
1234639658
1234334578
1181713014
1181713015
1226212311
1226212310
1181713009
1181713007
1181713004
1370387031
1229155125
1229155123
1229155128
1229155107
1229155106
1229009049
1229155108
1229155119
1229155163
1229155131
1229155133
1229155223
1229155225
1078870837
1370387033
34144223
1058163433
1090148632
1090145817
1370387023
1185863795
1090148630
1205194848
173686008
1230097497
73675369
23984655
1186003570
1186003573
1186003561
1186003575
1185524310
1289844704
1186011276
1186014673
76021015
1292635071
1292635066
1292635069
1246276428
1246276427
1246276458
1289330061
1246276426
34571184
134415917
1292635067
1292635070
1292638110
1205473661
1292638107
1292638108
1292638109
1205473664
1302262349
1205473662
1302262345
1302262346
1302262350
1292638111
1292635068
1231302994
281617572
27835187
1370363345
1370363344
363753974
59389207
27835186
281617581
281617577
115956196
25800960
1370319696
1370312615
1370267069
1370253330
1370253323
1370267080
1370253321
28408397
1163014819
85891727
34016261
617335942
617335943
1368144631
23994056
1367659631
1367659633
1366074359
1366074362
1367659642
1367659658
1367659656
1367659663
1367659662
1367659654
1367659648
935506948
935506947
889409091
1301739348
935506945
935506944
935506951
836877302
935506952
1301739353
906911498
906911503
906911501
935506950
935506932
919789761
35823286
935506930
935506928
935506926
935506924
919789762
941654328
935506922
935506936
35823266
919789760
935506934
935506935
1368144629
308839469
197613754
1356139099
1356773121
1356773110
222951780
169659105
1356144741
1356773123
1356773118
1356773129
1356773127
1356144750
1356139095
1356144730
1356139097
1356139077
1356139088
1356139067
896951743
1368146362
1368146360
1368146356
1368146358
897129023
934392182
934392175
934392180
934392178
934392181
1368174252
1368174250
1368174248
1368174249
1368184869
1368812002
1368812017
1370252752
1370252750
1370252751
1368812011
1368811993
1368829755
1368829756
1365827403
1365829809
1365827405
1365829801
1365726047
1365726049
1365829806
1365829807
1365691473
1365691475
1365829805
1368184877
1368184883
48395700
1368184855
1368184854
1365726058
934392203
934392205
934392206
1365726088
1365726090
1365726082
1365726054
1365726042
1365726037
1365726044
1365726079
1365726075
1365726084
1365726065
1365726072
1365726068
1365726063
1365732201
1365691449
1365691453
1365691451
1365691454
1365827366
1365827428
1365827433
1365827367
1368831276
1258586366
1258586376
1258586369
144134119
1060306727
1188040946
304668141
524678364
1188040950
1188040951
1188046466
452034818
1151337770
1151337769
1151337768
933129669
1293393681
1205202505
1293392634
1246276444
605446697
1246276443
1293816801
395090120
1293816802
1246276437
1246279478
605446696
1246276436
605446698
1289337617
1293816803
1246276439
1246276440
1393057937
1393057936
1152519584
1293637461
1293633389
1152519582
1152399701
1152399699
1291296937
1291296936
1290855451
1290855452
1154608074
1154608075
1360165179
1360165180
383088206
393950666
383088199
383088207
1301357553
1301357555
1301357556
1301607645
1301607646
1301607648
1301607647
1301290473
617342840
1301301057
1301121239
1024711336
1301301058
1301293742
1301293732
1301293731
1301293739
1301293740
1301981187
1301293743
1301293733
1301981196
1301981198
1301981200
1301981197
1301718442
1301981186
962488984
1301718438
1301718450
799191534
1301718455
1301718456
1301718437
24732553
23048249
23101902
1361757868
1361757866
48537906
24997237
24996551
24996330
25685688
24996552
24997268
1374787134
660719722
1374780280
1374780295
1365679888
1374496859
1365679877
1365829820
1365829819
47275968
1099625179
1282252806
23006106
956285183
510212469
519414497
225398543
657131752
357499637
510212468
350639025
383645133
1363643167
1363031129
1363031127
1363031131
1363031125
1220379579
1220379581
1220379578
1220379580
176031333
1385527206
1385527207
28502677
1385527209
1385527208
1385527205
1385527211
176031332
1363643161
106083855
176031371
176031361
1383519134
1362707296
1383519133
1383519130
1362707300
1050922326
1298348268
1298348260
1298348261
1050825906
804721198
23243429
1134134907
1134134696
1134134908
1134134704
1134134689
1144301521
1134134695
1134134692
66389871
862218842
538464035
1362038066
1315681810
1099633811
1315681827
1315681841
1315681840
1315770811
1315770809
1313716624
1315770812
1362014558
1362014563
1313716622
1313716625
1313716635
1313716614
1313716615
1314717755
1314720207
1091805067
1314717745
1314626179
1314626180
1314626178
1314627914
963545276
23994567
589384969
24013035
878636274
1277859239
24067149
53374644
346579704
1298329526
1298281123
1211117583
1005461119
1005461117
617554431
1211095302
617554432
1314329404
1314329412
1314329410
1314329416
1314329417
1314329415
1314329419
1314329420
617556943
4581883
1314336669
1314329411
1214277846
1362014566
1210980659
1362057454
1210716760
1210716767
1362057452
1210716765
1298195832
1298195830
1362057457
669777792
1362057521
1362057523
784873682
1362278569
1362278601
1362279343
1362278564
1362278598
1362257079
1362278571
1297722452
672799137
1297722446
1297722447
1154511099
672799136
669777755
1297780421
965168573
1297780422
1007023580
1297780426
1297780427
965168574
368629806
965168572
1297782372
1297782371
1297782365
1007023585
965168571
1297782366
1362014575
1205971253
1316877423
1205971252
965162147
1315793346
1205971251
1205971248
965162145
1205971256
1205971254
965162146
1362359662
275251342
1362359660
334728512
287200142
1362359658
591061244
782194959
782194957
1383296507
1383296508
1383296509
23409957
1383296510
1320073096
1320073097
316189019
1362359656
275600307
1364022173
1364035729
1364035753
1364035751
25113561
1158963635
1363814320
482886523
1158964445
1364022191
1305805988
1201886644
1202074348
1202074345
965368851
1305805991
1305805993
1305805995
1202074369
965368852
1202074349
1202074352
1305805990
1305810110
1305810109
1346670659
1346670660
822834603
1305682819
425309110
1383296505
1383296504
1305682805
426553008
426553002
426552989
441142116
1305715901
1305713249
1077137264
1298964337
824819955
441142109
426552994
1305817851
48038663
824819951
1305817848
1305817839
255898229
1305817846
426553000
1305722541
610369968
1305817843
1298965316
1298965315
1306869499
908121578
1364022189
1214620882
1364022188
1002890692
908121579
1364022209
1364022179
1363814341
1305621799
1305621801
24641877
998733729
1211244548
1211244543
1211244542
1211244547
1211244546
1211244541
1321598548
1321598560
1321603790
1364860122
1364847359
1383283700
1364860127
385190754
674165935
1321603806
1320461595
1320461605
1320461602
1320461592
1320696011
1320695997
610367310
965168584
1172150309
1203847435
1320698220
1320696010
131191965
1320695995
1320696009
1320695988
1320695993
1320695992
1320698213
1320698219
1320695987
1320470862
5077486
1320470865
1320470866
10709835
1364847353
1364847336
500229562
500229563
910548625
204924003
1364847340
1364847338
1364847334
1364847343
1364847355
909705347
1305682812
1305685070
1305735305
1305807296
1305807295
1105740830
1105740829
1305807297
1320169490
1320169491
1320169489
123152819
1132154677
1132154447
23845812
23409961
23409959
1306240614
1004923553
1316364005
1316364022
1316364018
1316364019
927288034
1316363996
1316363997
1306240612
1306240590
1306240615
1306240619
1306240618
1306240613
1306240608
1306240617
1306240611
1320813953
1320813948
1320813938
1320813947
979949691
1214319195
1214319194
1214319201
1214319174
535238340
1214319213
1214319212
535238196
1214319215
1214319166
1214319186
1214319181
1214319187
1214319188
610255402
1214319180
1214319189
1214319177
1214319204
1214319200
1214319176
838509350
1214321240
126289883
996047692
1005461113
1171355576
375589634
1320457829
1192827785
1323122052
1323122048
535238255
1321962320
1321962323
1321962319
1321962318
535238238
1321801878
1364873477
1205974518
1205974517
611001444
1364873472
1321598554
1364860114
1364860115
1364860113
1364860108
1364860109
1211244566
1211244561
1211244558
1211244557
610991475
610991477
1192346967
1192346966
1081876598
1147622691
1081876599
978315948
1192346970
611009692
1192346971
1192346974
1081876596
706795515
1279672987
1279672985
1365208963
1365376225
1365376229
1365376233
1299225448
478161060
1365554082
1365554064
1365554054
1365554057
1365554007
1081880911
1365554009
1299223598
1081880913
1317874935
1299223599
1081880914
1299223602
460789911
1081996206
1081996204
1365589956
1365589968
1365589947
1365589967
1365589957
1365589960
914162669
914162678
914162668
1391097106
1318104119
1391097107
1318104111
1318104109
1318104112
25891845
241770495
241770494
445379952
938378715
1318104108
1363826966
938378717
938378721
938378719
938378718
938378716
914162670
914162677
914580703
961665970
938378720
914580702
1066691131
1066691132
914162667
914162676
1190782195
1215581654
1215581653
223262305
610375792
1216358255
1216358254
916330988
1216358259
1216358260
974093059
1153996106
1154120402
916330986
782402203
834294807
294855040
241770498
810787034
1218010979
1218010978
1217515421
1217517208
782244431
1217517210
1217517213
1217517207
908481228
1219769530
1363803497
1363803501
1363803499
1363803504
1363803506
1218613816
1218613819
87822469
1158957182
997802719
1363803495
997802721
1158959853
1158959854
24029326
1364035740
1364035738
1364035747
1042814495
113511936
28502678
698330700
23919899
815560426
1383519126
104224552
1383519127
1042814496
1383519128
1383519129
1362707283
1362707290
1319724616
1319724610
1319724609
1319724619
1319729739
1319729740
1319729736
1319729733
1319724618
1319724611
1362707286
1362707288
1319733946
1319733936
1319733945
1220630701
1220630698
1220630699
1220630700
1363415637
1363415634
1363415632
1363415615
1363415654
1217350826
1217350825
1217350827
997802717
1217350828
1363415644
1363415641
27883894
131834989
1158954912
23786089
1158954216
37770437
1158956178
1093656126
1212456888
1093656131
1212054711
1212054712
1212069127
1212069128
25094705
25094708
1339196130
50830991
901647162
1155302298
1212069123
1212069119
1375051954
1212069136
1212069110
1212069108
1160419850
231870108
665704916
23044828
1041442807
1041442808
958671828
1279605704
1279605705
1279644174
320800604
1279644176
1279644166
718809956
47574920
1279678732
1243669282
1243669216
1243669219
1243669222
1243669254
1241280854
1241280848
1216298856
1216298852
1216298862
1239487257
1217804075
665232309
1217804078
1217804076
665232310
1239426689
1239426691
1217804077
1239494950
1239494978
1239413667
1239413668
1239426699
1239413674
1239413675
1239413677
980515377
1161116859
4420987
1046138946
69554056
1030984133
928653210
928653212
117818811
1125497570
60219319
117818810
24613351
24613443
117818805
1030982006
19747160
1365554071
1365554069
1365554078
1365554067
1365554079
1365554081
1365554077
822810351
23036449
1009640080
1082400684
1299124827
1147441483
1216826809
1216717134
1216826810
1216826808
1216717135
1216717136
1299783479
1299783480
975894725
975894721
541571587
541571588
79868682
1224988779
1097508877
1097508808
1097508810
1097508880
1151490924
1097546131
1097546150
1097546138
1097508816
1097546139
1086002005
1092981292
1175174119
1175174120
1395321507
1395321508
1395321492
1395321513
1104616298
1395321493
1236335544
1395321512
1395321509
1395321515
1236335542
1175178311
1175178310
1175178305
1395321498
1092981281
1092981278
1092981280
603969982
14369549
14272911
114136346
1092981271
1092981286
25997259
114136342
21094447
1086002003
1086002006
114136347
4389576
14368717
603969983
603969980
1041414704
1041703740
1236335532
1395321511
1395321521
1395321522
1236335549
1395321519
1395321526
1395321524
1395321525
1236335553
1395321516
1395321517
1395321510
1395321514
1393223796
1393223797
1098880848
1098880881
1393223830
1393255929
1393255939
1393223829
1393223798
1098880877
1098880844
1232274073
1393223802
1232274071
1236335555
1393223800
1393223826
1232274080
1393223801
1232274076
1393223825
1236447307
1393223827
1393223799
4751950
1393223828
1393223824
1232274097
1393223822
1395321518
1395321523
1393223803
1232274085
1232274092
1232274089
1395321520
1232274084
1395321527
1236447287
1235996102
1393223820
1232274094
1393223804
1232274093
1393223821
1236447289
1236447284
1236310325
1085545795
1153589315
1153589314
1085548384
1153589332
1153589335
1237078525
495700165
4752143
1237078515
50730745
1237078511
1237078512
1236310238
1237078509
1237078507
1236310242
1236310244
1236310252
1236310249
1236310246
1236279451
1236279453
1236279419
1164119987
1164119989
1237533764
1237533776
1237533782
1237533763
1300177373
1300177377
838567970
838567969
1300177372
1300177376
934714642
1235500269
1235500264
1235500273
1235500251
1163341496
1209206456
1209206457
622938555
1301973868
1301973877
1163341506
1163341507
1209206460
1209206461
622938556
1209206465
1163341505
1209206466
1164119999
1164119998
1203337550
79262256
1235223183
1235223180
1235223193
1197510327
1197510328
665147000
974568795
1197510324
1235223168
125550395
551121493
1197510317
1197510318
1197510332
665147002
974568793
665147003
1197510331
1164119959
1164119960
1164119964
1164119967
1164119970
1164119975
1164119983
1164119981
1203116660
1164119976
1203113667
1164119978
1236279370
1236279381
1164119973
1236310302
1236310319
662855176
1235251078
662855175
1203127546
1203127547
1203127551
1203127550
1236310287
1236310286
1236310288
1235251085
1235251088
1110358122
1150968974
1151229484
4575469
1110358160
749896512
749896513
749896514
749896511
749896515
1110358159
1146100690
1110358192
593851891
749896518
749896519
176621930
974528273
884241050
1203337551
1208524708
1208524709
1203338099
1203338100
1203305302
1203305300
1105730050
1105730052
1237562806
1237562805
1237562788
1237562794
1237562789
1240146706
1240146708
1148030818
1182446221
1182446220
1239613696
1210212991
1150364135
1236068027
1263543964
1370721297
1263543945
1263543949
1263543950
1236068028
1370721299
1236068026
1263543956
1263543955
1263543962
1263543961
1263543967
1203305325
1203305313
1203305315
1203305321
1203329266
1203329267
530232601
1203329269
1203329268
530232588
1203329289
1203329274
1203329272
1203329292
1185238889
1132937784
1132937787
1137957484
1137957483
1132249241
1132249237
606178179
1132249236
1128099734
1128099741
1137910471
1132041033
1132041012
1370721296
1370721295
1137910464
1137910460
1259726247
1259726250
1104788896
4598275
1239623197
1150364136
1104788909
251962452
902179061
902179062
902179063
1104158130
1102209618
1102209589
1102209590
1102209588
1102209595
888489088
1102209596
1102209605
1101577689
1101577688
1197440326
970195967
970195966
1197440328
1101577686
1101577687
1197440308
1101577684
1101577685
970195968
1101577690
1101577691
970195969
1101572988
1197060298
1197060291
1197060296
1101577678
1197060292
1104158123
1104158124
1116980482
1105636754
1105636750
1105636751
1196751023
1101577674
1106187855
1106187854
1132062792
1196751029
1227743929
1282019553
1369013209
10039499
1116980478
1097109088
1282019556
151022475
1106187858
1132062786
1077520789
1106187857
10039537
1106187856
1106187860
1197060299
1227743024
1197060294
1101577671
1197060290
1197060297
1197440314
1102167531
1197440330
1102167542
1197440313
1197440309
1197440331
1197440329
1100700984
1102167530
1102167532
1100700972
1100700971
1100700970
1100700967
1101566737
1100700955
1101566738
1096837601
1132937776
1136325623
1136325625
1219618821
1266070288
1219618849
1136327326
1219618840
1219618822
1219618823
1219618847
1236851081
1219618846
1219618845
1219618844
1219618843
1219618825
1219618824
971098924
1207453188
1207453187
1219618842
1219618819
1207451046
971098925
1207451047
1219618820
1219618841
1219618826
1219618800
1207467272
1219618818
1219618817
1219618816
1219618815
1219618814
1219618832
1207467267
1219618838
1219618839
1219618831
1219618813
1167452719
1167452720
911155887
1219618828
1207467269
1219618829
1222342998
1219618827
1167452712
593851892
1167452711
1222342997
1219618812
1222334885
1219618811
593851897
1167452704
1167452703
1219618810
1110358177
1219618809
1219621193
1219621196
1219621195
1219621194
1222343002
1222343001
1110519749
924406808
1167622124
1167622125
1150957490
572627029
9768066
1111174852
21849639
13637681
138891484
13705900
1111156711
1111156707
60251795
1155204802
1111147967
9609640
659504876
329861208
1238637006
1238637007
1111147963
1105793350
1107938405
1107938401
1107938399
1107938411
1107938410
1107938408
1107938412
1108012785
1108012786
1108012810
1108012797
1105347325
1105347324
1192731395
533813306
1276559891
1192731409
4582786
1192731397
1276559893
1192731396
1105033254
533813304
1104478031
1276559890
1276559892
1276559894
1276559889
1108012801
1108012814
1108012818
1108012806
1174760139
1174760140
1009489244
1009489243
1174760138
1174760137
1108036060
1108036058
1108155897
1108036068
1239519861
1108155894
1203770498
1391123401
1203770495
167045642
211084388
232560302
1391123409
537359757
531937723
1391123408
574702141
1203772290
1391123410
537359752
531937722
531937721
1391123405
1203772294
1393252828
1203772313
1203772312
302207055
1393252827
1393252823
1108155888
1108155890
1108155887
1108155892
1393252829
1393252825
1108155882
1393252826
1108155885
1393252830
1108155955
1108155949
1108155956
1222334880
1222343003
1222334882
1222334878
1222334890
1222343007
392773523
471727636
392773520
1219618802
1219621192
1108155968
1219618801
1219618804
1219621203
1110499776
1219621201
1219621202
1219618805
1219618806
1219621199
1167578326
111811888
1219621200
1219621198
1219621197
1219618807
1110358175
1169197483
1108155998
1175167423
1160407896
1393255937
1393255942
1175167428
1100556960
1393255938
1393255935
1099895809
1393255928
1393255934
1393255941
1098880880
1393255931
1098880888
1393255940
1393255930
1393223831
1393223795
1098880846
1098880906
1098880905
1393223793
1098880886
1393223832
1393223794
1393223833
1393223792
1393223791
1098880908
1393212852
1393223834
1098880884
388689211
1099819999
1100587166
4582255
887050963
1169320573
1169320574
665228912
1393212832
665228914
1169320553
1169320554
1393212833
1393212829
391579246
1393212830
19662390
1100587157
1293162864
1100587168
1099820003
388689207
528056938
1099820001
1099713489
1099616721
1099713491
1099616718
1099616725
1099820012
1192686930
1099616727
1192686928
1192686927
1192686259
1099616729
1099616728
1192686929
1099616730
1192686260
1192685279
1192685281
1097458264
390034376
1192684967
1192684966
1097508898
1097508899
1192686130
390034377
1192685530
1192685529
1192690677
1192690678
642058382
1097458293
642058381
1192690679
1192691205
1097508802
1097508792
1166231300
1166231301
607803345
1097458299
1096357583
1096357577
1096357582
1096357579
1096357585
1096357576
1097458231
1192691204
1096806591
1096806579
1096806587
1096806577
1096806583
1096806575
1087648596
1192670580
1192670579
1095588758
1192670576
119100855
1192670575
1095588775
618449089
422677012
422677013
422677015
1095597091
1095597088
1157261300
1157261302
1218500717
1218500722
1095597086
1157234396
422677014
1157234397
422677016
422677009
1192830189
1192830187
1192830188
1192830186
1157278940
1157278941
1157278948
1157278947
1095597101
1097508915
1101919470
1101919493
1101919485
1101919486
1101919474
1099688236
41274617
1099688237
1104478020
1104478021
387329040
1103633134
1102314240
1102314238
378943188
1163482596
1163482597
1239723936
387329042
1097310120
1170345380
1102314224
943655335
943655337
943655338
943655334
943655333
943655329
943655331
943655330
943655326
430495101
943655327
943655339
1095588766
1156806834
1156802562
1156802561
1095588770
965410915
1156802558
1156802557
1156806824
1156806825
1095588768
386296238
1163480623
1163480622
545634013
1163480619
349342070
61395652
911125559
1163480614
1163480615
378943173
521828509
1300521878
564393572
1097664625
1156466817
453489273
1300523067
1300523063
1156466816
1300523376
465311598
1300521879
1156466815
1156466812
1300523068
1119215755
1156466811
1156466810
1174533194
1300523064
1300523065
1097664627
1163482603
1163482602
1163482601
378949106
1101548640
1101548639
1163482914
367250362
367385436
367377365
378949105
173210317
1104049576
969682149
969682147
1173517816
1173535825
1103778940
1103778938
1105872809
465311601
210565008
1161817389
1106126535
1106128307
1161817388
464749160
464749188
1161817393
1161817394
1161817405
1161817406
1161817415
1161817416
464749180
1161823519
1161823520
464749193
1161823528
1161823518
1161823539
1106289613
1106289612
1106289560
1106289571
1106289567
1106289573
1106126542
657062246
657062244
1174406225
4597377
1208624406
1275422674
1104409734
1104477972
1104477968
1106900178
1106900168
1106900175
1106900171
1107814670
1107814655
1107814665
1107814666
1107814663
1107938358
1107938365
1107938381
1107938382
47521900
1107938403
1107938391
1105793353
1107938364
1107814649
1107814645
524112834
1164878732
1164878731
386822769
1268141910
1268141911
1182382535
435436409
1110550740
1110550746
386822766
1110550750
1239894666
1239894667
1110550753
706474026
1152786762
1152786761
1153012903
1153012904
474295624
474295625
1153012918
1111144035
1111266611
1111584337
1111584342
1111266621
1162802346
1162802347
1162802349
1162802348
524032313
524032304
1162817332
1162817333
1162817330
524032314
1162817331
524032307
1085552052
1107814627
1085552053
1107814625
1111266602
1111266603
1174244646
1112398451
523986087
1112398449
1112398448
523986468
1112398457
1107760058
1112398453
1112398456
1209534663
1106891962
1209534660
1209534661
1209534659
1106891953
1112513293
154484611
1218894839
1218894843
1218894842
1218894841
102486256
1218894837
1218894840
1112513296
1119194274
254656382
1112513297
60825558
1112513292
1223692192
1107760023
1107760046
1107760045
1107170850
1107760047
1107760035
1174446794
1107760026
1174415620
1107760037
1174415619
1390629184
1390629187
1115459385
1227803665
1390629185
1390629186
1227803664
1390629188
1107760062
387205282
387205283
1211160037
1115459373
1115459372
1115459378
25195483
128746130
267760318
1115544642
267748556
1155240422
331749613
903030230
1312678521
633704681
691205451
691205455
267752769
691205450
691205453
1115544640
1115544637
1115544657
1155239518
275040958
281089931
36395401
275040956
128746129
129173236
129173244
130536226
128889571
251253488
128746126
310964790
310964788
1116072627
1186574019
1186574028
1116072641
694578011
64261748
1116072651
1116072644
1116876554
1228557306
1246246429
1246246430
1303789070
223452949
223721561
166660781
223437074
228689977
228689975
334849438
334849439
251101702
1155239515
531908443
667651930
531908445
592304418
320114265
687428760
239896951
166660790
15388190
15388197
729923321
917465723
729923322
708891979
15388195
535304588
1107753957
1107753958
270169683
25283278
391385390
391385387
391385388
391385384
391385394
391385391
391385398
391385385
391385389
1106035300
1106035312
1103784036
1103784034
1103781307
1103781309
1225124236
1103784020
1103784024
223434553
1211180973
1103784021
175671164
1116072648
1347754063
1212396244
1347752579
909825424
1212396243
1211313853
1225124419
1187636676
1116072646
1228249758
1225124416
1211972001
1391895446
238192714
238192718
1391895447
1181354134
1228560568
1377207783
1377207784
1228560570
52117120
52168949
52117112
52168951
11344525
52168177
1171507051
1171507050
1228547600
11344031
1391895450
1227894156
1391895448
1227894831
1391895452
1227884816
1227884813
415424138
1228251661
1228251659
1321654682
1228251660
21781157
1116072631
1116072614
1116612030
1116072634
1116072637
975246624
917398019
64261736
1227892432
1227887139
1225633331
64261744
64261746
1227887140
1231721497
1231721498
1164483258
1116612019
1164483259
1116612026
1070340003
1074455952
1097933242
167250852
1116612035
382265034
1070339999
358219003
624478840
1225633334
624478820
40769907
165397455
846375816
31451993
31419957
31451990
1227755294
1227755291
1227755299
814314511
1391895451
814314510
814314509
1124739947
1070340001
1070340002
1124739948
359539642
460957077
358219000
31904410
103844038
1344867278
103844057
1344867277
625319359
625319361
1117569624
1117569619
1184665676
958627107
1378577199
1227685860
1293756441
1293756437
1293756439
1293756443
74069008
1228113318
534523764
997408178
1171482800
1228564193
1171482804
1171482801
1117341053
1311211791
1228208448
381209267
381209269
1195364271
381209276
381209273
1195361180
1195361178
1195361179
1117341046
1195361177
1195364270
381209272
381209275
1081262262
1315600037
1315600038
1315600036
1118361696
1228372597
1228372598
1228261443
1228261442
1228261441
1018577047
25964668
343549775
1018577048
1228261445
1018577049
1228264050
478218243
386659489
478218240
478218242
478218241
478218306
478218246
478218245
478218244
478218249
478218248
478218247
961646419
67524736
72455659
45038372
1228264052
1387801182
1387801186
1223735603
1223735604
1208847279
1205409183
386659485
386659481
386659484
386659479
1061889501
961712023
426297588
1340560534
426298243
1340560533
426297589
1126700281
1182332922
426297586
1215150066
961712028
1182332929
67524733
1182332924
478218220
478218221
1182332928
951467830
386668190
386668191
1182332931
478218263
478218264
478218265
478218266
478218267
478218222
478218223
478218228
478218214
478218183
1340560532
1340560537
478218219
478218182
1061889502
478218269
478218237
478218270
478218218
478218268
478218216
478218181
67524739
478218217
478218179
478218204
262115852
478218206
478218207
478218208
478218209
262115855
1228205454
1184667395
1117569653
1117569652
1117569675
45957794
1272512085
52582239
1117569673
1184667397
326354488
878392948
878392928
61408181
878392949
342996406
1183623521
1183623522
1312873024
1312873023
48700158
1026228356
1026228355
48700447
1026228240
764611894
1062188123
821848975
67654221
751406842
981051257
1010793498
381214612
381214625
989153815
989536543
981051283
1182339024
325199876
1182339023
981051284
325199877
1182339021
1182339020
1010793501
381214623
989153821
381214610
989153822
1303792229
1303792227
83824049
1062188163
1062188148
61785300
1062188151
1062188155
1062188154
1062188153
1062188147
61785305
326354487
1183623525
1183623524
1010793500
989153825
1010793503
375128172
538703464
246136587
1191222239
1191222238
1179961797
961901226
1191222232
964321913
1191222234
1191222235
851610721
961901225
22772813
1091621209
83707737
1117867229
1015867375
522487747
1183382408
1025343497
1025343498
1183382410
1183382411
1119189349
1119189350
961901232
755442637
1148044978
523653721
523653706
1025343500
523653725
1025343499
537239505
1191218648
537239509
1183382404
1119189348
1183382403
868736813
454377185
1183382406
1183382405
1025343508
1371000052
851506407
1118963849
1191218641
1115752317
1115752322
1115752319
188591698
1118963845
1118963846
1118963844
529174363
1133584040
1118963811
1115752311
1115752313
1115752307
1391917093
1119189335
1097487285
1117339530
1117339532
1117336764
1117336766
1117336765
1117336763
1191218638
602798196
1117569614
1117569636
1117569622
1117569616
1183625927
1117336735
1183625924
1183625923
1117336731
1183625928
1117336727
1184664276
523653769
523653767
532916600
1097487284
1097487283
1119189336
1117339534
1117339533
1117339531
1194115553
1194115556
602797038
1194115554
522487734
1194115555
602797039
381646906
1117336779
1117336781
381646917
381646923
381646919
381646921
381646897
1391101708
1119174729
1191498258
1191498267
1116072615
1115683375
1164484473
375112444
1119174709
375112446
1116072611
171655681
310964789
1164484468
1164484472
1391101709
1115544670
1144341206
31798296
1115544676
1115544675
1143779079
1115544687
630744137
630744138
1143779077
1143779076
1391101707
1391101711
699015280
1143779078
1391101712
1391101710
1118963822
1117336794
1118963817
1117336775
1119345305
1355264734
1375690672
1119166615
1353535048
1119166616
1353535056
1353535057
1119166617
1119166614
1123347492
421613555
1119166620
1119166622
1123348889
1119166619
1119166623
1353640511
1354472251
1353640512
1354472249
562180792
562180793
1335200871
1372765535
1216563842
902297503
138160584
905940429
827928806
827928904
827928785
827928799
827928938
901251948
827928869
827928934
371123593
827928878
827928853
901251930
827928808
827928848
827928824
827928805
827928827
828941594
908876105
1216488981
22731043
844730337
827928739
827928814
840167882
280461166
283882761
827928838
827928941
23507923
827928867
827928857
995040145
995040139
908876106
13853632
244549219
844730336
844730335
1006839457
1006839451
1006839450
569785910
571479292
1213301314
1213301315
1120781702
1259660747
1112759407
1120781682
1120781686
1120781655
1259660746
1353795546
1353795544
1353795545
375903466
1036294505
336335413
437264772
491750521
491750523
196856070
491750526
491750527
1257587343
1123017955
1122865154
657066341
1201111908
1201111909
1201111912
1084593435
1214146155
1214146160
1122696557
1182198169
1123092978
1214141182
1227709721
1214146136
1214141184
1214141185
1214141186
1122696551
1214141187
1214146154
1214141188
1214146153
1214141189
1182451056
1182451057
1182451061
1140357201
1214141190
1214141191
1140357197
230939289
1140357198
1214146150
1214146149
1236715299
1214146148
983399014
10360532
142886780
142886774
983399012
983399011
142886776
983399013
1214146146
1214141196
1214146140
231021003
1104482521
1104482520
1104482516
1214146139
1214146141
231021004
1104482517
27730726
1214141193
1214146147
1122682454
1359553643
1227711121
1227711117
1122682455
1214146151
1214146152
230939290
1140357202
1120984368
1120984369
1144495527
1120984401
1120984392
1214146159
1143770483
1120758672
1001560346
1144979962
1144979961
1120737072
1120758665
1144974702
1120726561
1144974707
1144974706
338392708
1144974703
1144974705
338392706
1120726552
1120726563
1120726554
1214362228
338392703
1214362229
338392702
1214362231
1120726565
1214362230
1120984404
1120984417
1353153634
1120984416
1120984415
1212798604
1212798605
387205287
1212798602
1212798603
1115523071
1115523070
283311193
271100035
845145776
753392484
845145778
993811382
283311192
1236659977
908671525
1214146138
1104482502
1104482504
1104482503
1188469377
1084603897
1104482507
1188469376
1104482509
1104482508
1111159133
1216779097
1216779101
1111189382
1216779105
1216779104
1216779095
1111189377
1216779094
1216779093
1216781122
1216779096
1112147274
1112147271
1111584335
1216779092
1216779079
1216779106
1216779091
1216779107
1111197122
1216817029
1216814131
1112313741
1216814132
1216814130
1216817032
1112313745
1216817028
34625339
380451758
1216779114
1216779086
1216779085
341989102
1111197144
1216779112
1111197145
1111197146
1216779087
1111197140
1216779088
1216779113
1111197136
341989100
1216779109
341989101
1111197143
1216779110
1216779111
1111197142
1216779108
1111197135
1216779089
1111197138
1216779090
1216779099
1216797747
1112304629
1216779100
1216779119
380451756
1216779117
1112304619
1216779118
1112304620
1216779115
1112304618
1216779116
1112313712
1112313713
588199152
196956451
1216797746
1216797749
1212235264
1111180758
1111146685
1114728521
1114728520
1111147410
1223293832
1111180759
386822759
1111181816
1111181817
386822770
386822784
1223293833
1147660963
1172701722
1147660965
21848458
1147660964
1147660962
1111181818
1172701721
1172701720
1111181819
835697273
1311121274
1311121276
1168220886
1112313717
588199151
1112313718
1322369569
1101580629
292869782
1101580630
1101580633
1101580632
375935988
464921875
374532988
374532987
374532983
374532980
335931424
1101580631
464921874
335931425
374532989
374532985
374532990
1216814133
1216817030
1222961028
1096829544
1096834950
171953213
1279438976
1197776111
1188469361
1101025640
1188469360
1197776110
1188469353
1194008570
1188469362
1188469359
1188469352
1188469355
1188469363
1104476193
1104476194
658053860
658053861
1188469356
1188469354
1104476195
1104476196
1101025650
1188469366
1101025652
1145471977
1188469380
1188469381
1188469378
1188469379
1188469369
1101032976
1188469370
1101032972
1188469367
656507386
527580311
1243148341
1196136993
1196136992
518576133
23490690
1218515236
1218802144
518576134
398521974
518576135
1196160650
1155322268
142367153
1101489197
1084271912
491109925
1101489214
1196160651
1101489219
1101489220
1196160653
1084271917
1245403266
1084423917
1101489203
963713701
1084423916
1155322270
1276572609
1276572614
1276572626
1196160655
1095909836
1105804273
902133214
902133213
1276572629
1276572631
1276572636
309688633
1276572635
777954661
777954662
1105819036
37814972
1216922438
1105819032
1105819035
1216931382
1105819041
1276572640
1232031420
1196799066
586977586
1196799067
1276495945
1176166405
1163367507
961488643
4791907
47289770
4791911
131326445
1176187152
1176187151
1276495935
1276495959
1276495963
1276495961
1176178372
1276548698
131326462
685111957
618561048
1148216455
1168338960
1177545710
1177545706
1177545707
528398378
1216938963
1216938958
1216938959
1172033474
1177535745
1216938951
1216938950
1216938962
1276572643
1276572651
1276572617
1276572618
48965362
1307327177
1267696947
30893534
1088882181
1155399359
1220273996
1218376232
1218376228
1274368990
1274369006
1274369001
1274369002
1274369004
229990469
1274369022
1274369021
25467952
1274369011
1274374158
1274374156
1274579918
1228178940
1228178939
1274579908
1274579895
1267696950
1267696958
1084601230
1213093138
1122935587
1122935585
1122911362
1122911361
1122911376
1122911389
1122911375
1123417784
1123092986
1123093000
1123093003
1123096679
1123096683
1123096709
1123096708
1122865175
1201111930
1201111929
1123096729
1123096726
1123096723
1122911404
1122911402
311105539
1122911398
1122911388
311105534
1122911391
311105533
311105538
311105540
311105536
1122911396
311105535
1171918020
1171918021
409588409
1122911405
51009615
1122899987
1122899991
1294595575
1294594875
860735544
1123018007
1217208647
1144353011
1144353010
1122899994
540439880
197773609
1122899984
405607377
1122899996
197773607
540439881
197773615
197773612
540439874
1122911342
1122911344
1213093135
375489219
1283269531
1283269530
33055828
1135143098
448108731
1050785030
1176120528
1135143103
1213103574
1294594879
981641745
981641741
1189357081
1216459835
844639694
1198440003
1255957870
1189357075
329615578
1159140685
1189357072
844639706
1390656360
1189357068
1189357069
932744090
1189357073
932744089
1189357074
1390656361
1189357079
844639675
932744086
932744087
1255579551
1189357066
1189357065
602328429
1214889369
1213103576
48697475
1149392840
1214876365
1214876362
1214875106
1214876838
1189354424
963221317
1189354425
1293700624
28275937
844539445
1274581595
1274581586
528388076
1274579922
1185929184
968257748
1185929181
1185929182
968257749
1185929183
1185929185
1274579871
528356037
1274581593
1274581589
1274581591
386496537
528356042
1189351254
1189351252
1189351253
528356040
1189351257
1189351256
1189351258
528356041
1274579860
1227554326
1276211899
1227554327
951467076
1189344735
1189344738
1189344732
1189344729
951467077
1189344728
1189344725
1189344730
508171969
390047063
1189601231
1189601217
1308413878
1284308019
1308413879
1393584100
1393584110
1308413876
1268384767
1393584099
1268384769
1393584098
1393584097
1189350069
1189350070
1393584096
606536394
1189350078
1189350079
606536395
1308430607
606536393
1189350072
1189350071
1308430599
1393584108
1393584107
1292548049
1393584093
1393584094
1393584095
1189350082
1292548072
1292548071
1292548070
1292689500
941966131
1292689507
1297174444
951467081
1292689509
1292689503
1297174442
1290695990
1290729517
1290729519
114381367
952047795
1291887278
1291887268
1413696105
1131543219
1291995968
445351141
1101002519
1413623518
1413623510
445351150
1413623519
1413623513
1413623511
1131538461
1190645516
1413623515
973338482
1413623517
1413623514
1117965347
1190645518
1413623512
1291887256
1413623516
1291887258
1292288701
1292288696
1292288704
1292548074
1292548065
579403927
1292548059
1292340993
1292340992
1281205638
1281205639
1281266709
1281266721
1281266723
1281266712
1307933803
1307933801
1281266718
1281266728
1284308015
1189340023
1393584071
1393584072
1189601243
1189601224
1189601222
1189601242
1189601208
936211281
1391354806
936211278
1391354808
936211279
1307218946
1391354804
1088882175
1391354805
1391354809
1307232436
1218376236
1294819869
1294941357
1294819872
1189340025
1189340030
1281266716
1299853805
1189340036
1155402416
1189340035
1092978198
1299853804
1299853806
1213311054
19783478
459221262
1295016253
1294964513
1294809128
1294969483
1294809135
1294964498
1276548695
1159150357
1276548692
1207398367
1228867002
1207398372
1148202685
1148205278
1148222764
1207398371
1148205279
1209007023
1306367052
1294969477
1306367051
1294969496
1294969495
1295016236
1147863283
1168338939
658642883
1147863286
1168338944
1168338945
658642882
1147863285
1276731384
1276731377
1168330453
1168330454
1148337221
1198590143
1198590142
1168330459
619863077
1216635181
1216635174
1122016510
1216914536
1216914546
1122016512
1226452749
1198590141
1204933433
1147860760
1198590140
1147860762
1189182661
1147860761
1189182660
1204933434
1125905516
1226607663
1227391685
1226607636
1227391689
1113618084
1259699044
1259699043
1259699045
1259699046
1259699042
1219721737
1227391692
1226607660
1219721733
1275069765
1219770996
1217564910
1217564932
1217564918
1217564933
1219721731
1117347863
24971799
1385753052
1226452753
1281205643
1304334440
1304334441
1281205642
1281233603
1305005439
954138212
1227142407
954138211
1305034958
1305034957
1305034959
1219771004
1219771003
1117347859
702312690
1257109250
100598947
1219721728
1219721726
1219721723
1219721727
88524860
1204933438
1193723970
1147858688
1204933439
1147858690
1204933440
1148334664
1193723967
1204933442
1204933441
1148334663
1154094229
1204933445
1204933446
1304648874
1193723965
1304648875
1193723973
1148332839
1193723971
1148332841
1229942250
1208045633
1147868428
1193830291
1193830290
1193723963
1271957157
1147865880
1204933447
1193723972
1304648878
1304648877
1304648876
1241908209
1241908210
1241908212
1241908207
1241908206
1241908208
1221250957
1221250954
1230556347
1230569761
1230556345
1230556346
1148314447
1148314448
1229942241
1230569760
1229942244
1148314445
1230569755
1230569754
1230556351
1230556350
1229942247
1229942248
1230556349
1229942249
1229942246
229990466
1160397379
729111777
1148596663
46907541
77098244
1116849053
1229942232
1116842015
1229942233
1229942234
1229942228
1116840579
1229942227
1230556330
1230556333
1229942229
1230556332
1116842016
1230556338
1230556331
1168137395
956034576
46907542
956034577
1229942242
1230556335
1229942237
1229942238
1230556334
1168327703
1230556342
1229942240
1148977267
1168146835
1168146840
1168146836
1148977269
1148977268
868422409
1085068334
1085068333
597495147
1160392463
868422407
43773719
1162661219
41829654
1162661218
1265862967
1265862960
868422408
229990464
43773720
229990472
619862351
1238866100
1238866099
619862350
1238866098
1238866097
1277314203
1277640456
1277640464
1277640453
121176503
1277640445
1277640446
1277635571
1277635580
1277635587
1277635568
1295377792
1277640461
1277640466
1277314201
128131069
1267352088
1265862962
1265862961
1265862964
1265862963
499715863
631644728
1277618543
770120091
770120092
633600848
633600854
1198590138
1204933436
1189193486
1204933435
1232149761
1232149759
28088141
1205460996
1205460997
115724952
26158804
1106161975
1231352157
1231352159
1106161972
1106161976
1106161973
1267363359
13621300
436261317
1221400191
1133578016
1221400177
1110603870
1110603868
1110603869
1110603855
1221400178
1178271255
1178271250
1110603886
1110603885
1110603874
1110603872
1220447496
1216183698
795613352
1220447498
1220447497
606180882
879493439
879493440
1217331946
1219712762
1219712759
1105894096
1093953519
826146258
1105894077
1162238570
1105804282
1093953530
1093953531
1105636755
794186493
1105636757
1105636765
536871061
1071013131
1117659244
1101502470
1101502469
1292013994
1101502465
1117659237
1117659248
1117659235
1117659242
525975756
1104808559
1104808562
1104808558
1104808556
1147066722
1104808578
1104808580
1105049730
1105049744
1105049734
1105049732
625376064
1152543883
1152543884
1152543882
1152543881
666016328
1101514181
1101514180
968887097
229155490
968887096
229155489
1101514176
666016326
1101514177
666016325
1105901253
1093953510
1237907266
1237907265
1105901254
1093953509
1216209376
1216209375
1237895830
1237907267
1237907268
1105901246
1217058037
1105901247
1093953514
1228648019
1105901248
1217161777
1217161776
1105894100
1105894102
1215795379
1216183692
1215795383
1216183693
1216183686
1215795387
1216183695
503647728
503647725
1138136727
1138136724
1188909660
1188909658
1182446214
1240795267
1148030821
1226721255
1226721249
1225999539
1225021000
1225461212
1225461211
1226721251
1226721252
1225999544
1225999540
1236046981
1188909639
1368090753
1188909641
1368090752
1188909643
1188909629
1188909634
1188909624
1225999545
1240146725
1240146703
1240146705
1170967071
665148940
665148939
1170967070
1188611552
1188611563
1170967076
1170967077
1216446645
1228644416
1160286535
1160286537
1160286536
1160286548
1160286547
1160286543
1160286546
1277609126
1277609125
1277609082
1277609095
1277222106
1276752784
1277609119
1058180495
1277609113
657064586
1221533751
1221533752
1279717212
1240763079
1116851158
1277635541
1277635547
1277635545
1277635546
1277635560
1117105654
1277635562
1116851159
1116851157
1116851151
1277655987
1277655985
1221533749
1221533750
657064585
1239691039
1239627527
1239620079
1239627529
1239604884
1239002776
1239627521
925830023
1236192772
1239627519
1236192771
1239627507
1239627502
1239627523
1239627525
22751060
911564466
1237644968
1238231049
1167358031
1167358029
1240858821
1240858819
489581967
1241143805
25428350
1241143801
1240819275
1240819293
1240819295
1241143797
1240819280
1240819278
379527794
1240814793
1188611540
1188611545
1188611543
1188611561
1188611570
1188611559
1188611568
1188611555
1188616401
1188616402
1127458594
1268134241
1237533792
1127458605
1127458607
1127458598
1127458596
1188915627
1188915628
1188616396
974526727
1188616397
1086037119
1188616395
1240840558
311904868
1188614089
1237735021
1237735004
1302705998
1236012968
1302705997
1237735001
1237734991
32211551
979562420
1188912122
1188912125
971098943
1188912129
1188912130
1127458608
32211544
108655984
15024066
25368952
22112314
192644094
1239413679
1239413681
1239413683
1241280852
622941137
1213255630
1213255457
1213255458
1213255451
1213255450
622941135
1278829604
1093761690
1278829598
1278829583
1278829584
1278829585
1278829622
1278829615
1278829613
1278818295
1278829636
1278821470
1278821455
1324844345
1278821484
1278737870
1278737824
1278737821
1278310568
1278310543
1278310544
1278247381
1278247383
1277635612
1278737877
1278737833
1278737866
119056865
1278737873
1278737874
223136031
156829078
1278737912
1278737908
1278737907
1278737911
978269803
1290053236
1254575986
1290053242
395475630
1290053224
1290054897
1290054910
1278766641
1278778160
1278829547
1278829546
229475728
1278762593
229475790
41983697
378329108
238749573
405306514
404919002
51581740
405306513
238749578
51581742
1223164192
1223164190
1223164183
1223164685
1223164195
1223164189
387949892
1223164191
1223164193
1223170933
1223170942
1105460094
1223170934
1223170937
1223171986
1223170928
1105460092
1279364203
1223171985
1279364200
1278862630
1278892843
1278892870
1278892869
1278892865
1279446221
1279446223
1278892837
1293801971
1293801970
993565456
234565938
229475791
966179930
1278778179
1278778175
24159914
1278778140
1278766638
1278766643
1120660221
1214774688
1214774685
778077712
778077711
1334517706
229227248
1215020900
1278892867
165286372
25072273
1295245888
1228623264
1179553285
1189171356
1179553286
1189171362
1189171361
1189171355
48447377
1295203853
148288888
23739134
23739136
23739135
1279879580
1279879554
1279879490
1279879487
1279840716
1279879563
1279879575
1279879564
1279840714
1105201965
1105201962
1105201964
1105201963
25569945
1136712730
1136712728
1136713980
1160397378
868422411
1136712731
121176508
1280340574
1280340586
1280340585
1280340587
1228623254
1274913853
1274913856
1274913858
1274913882
1274913855
26959384
1100622083
1100622084
1100622082
114381362
1100622081
1100622079
1324325561
1100622080
1100622078
1231351585
1220995863
1108401519
1220995861
1108401509
1220992707
1220992706
1279974625
1279974671
1279974648
1279974663
1279974621
1281240848
1281240846
1281774299
1282727306
1281240888
1281240853
1109146653
1231351596
1108394795
1231351597
1231351592
1108394780
148074980
1231351593
1108394793
1231351598
1231351599
1230886351
1231351584
1230886353
1230886350
1279974666
1108401517
1108401506
1231351589
1231351588
1104937099
1409285033
1391376181
1391376182
1149101489
1120662195
1149101492
702310758
1149101484
702310757
1188950004
1188950003
1248936891
37938459
23451271
1290729526
1290729507
1227278465
1249185096
1249177671
1249161626
1249150135
1311577058
1311577059
1286795959
1311577060
1311577061
1311577062
1286795960
1286795961
1311577057
1311577056
1286795953
1311577063
1286795950
1286795964
1286795948
1286795930
1286795932
1286795942
1286795940
1284846085
1286795941
1286872252
1286872251
1286872290
1286872289
1311491939
1286872327
1286872326
1286905940
1286872388
1286872387
893930326
154686477
1285845533
1291541105
1285845534
1284817652
1284817648
1284804086
1286506719
1286506718
1313101796
1286795926
1313101795
1313101794
1286795919
1284846089
1313101792
1313101793
1313101791
1313101790
1313101797
1286795925
1286757156
1286757154
1286757159
1286757152
1286757161
1286757160
1284332064
1284332059
1284332063
1284332062
1284817644
1284804100
1284653872
1284653868
4864928
4864917
4475573
718809957
1212069125
1212069111
1212069124
1212069115
1212069138
1212069143
1212069137
1212069121
1212069118
1218056432
32677736
1159213407
27719381
1160427297
1160427295
886483086
32677730
1160427296
1093656128
1212464300
1212464286
1212464274
1212464266
1212604583
1212610433
1049941508
1212604594
1212604605
1212604606
1212604603
1212604608
1212138816
1049941509
27719382
1212231157
180369521
4779620
4779619
77398594
894814138
529585042
1299877596
49262695
981320816
